4.185915393970037
3.9432818885782406
3.3110818479388255
5.159111436815108
3.374806069218632
5.29344373860464
3.566560436936961
3.8360978516106945
3.45783009132803
3.8570075754009423
3.6881369392623995
4.655807194848244
5.969266988933796
3.6577928695276416
4.755544228580412
3.975176067617573
3.6717738441708647
5.417159051272886
4.225767415706581
4.4656997380450925
6.143637243185063
3.8863461989507275
6.4333593715256185
5.240800902541315
4.764444438073152
4.081488456058311
3.5680128764962333
4.106083101430566
5.192912764778495
3.842130816186538
4.471274341651773
5.288944694186341
6.015752733646789
4.732060934232475
5.093562887353291
4.153407617550062
4.754115271311902
3.9457576029511148
4.6894610254078595
4.439012476936806
4.54516144682456
4.223461155861684
4.037389983049801
3.5508063991989127
5.288751898986087
5.892340163732467
4.935444528533019
4.657595257381639
4.9386447184033955
5.221961266464223
6.410210987008782
5.927430027370134
6.999283570412616
5.665837267163176
5.3741907760041485
4.815127158512741
5.655548493729031
5.8696815328252026
6.077869631125076
5.06333878725739
5.896194144196812
5.045146144633142
6.9093907547095
6.464853565851927
4.567357987346293
5.8621066277050655
6.6995905508648494
5.112130143525743
4.550558267469249
5.4073315668436095
4.9124567672751756
6.550931832778312
7.039103849562043
5.813382502101094
5.790654544008243
6.397235490004565
5.177559238151289
6.362946143365074
6.144753364921716
4.9335206150599085
4.862755377621647
4.754354572571514
4.216946748995176
4.746091224166154
7.1777525460459035
6.044940100134725
5.564524345714448
5.011895908734855
6.334567730416156
4.4407418014594615
4.426033130591349
5.26300564999873
6.04492691102493
6.7506857769536195
7.1355216979958165
6.755830092917687
6.51135550248963
5.841516193411177
6.2074521520052475
5.150650077673328
5.83492046679781
5.882476445362153
6.064583602490004
6.254048293625874
5.483196531510468
6.07283426444061
6.385705322096873
4.755193309642649
6.734721635492865
6.331724841156314
5.960671160587411
7.435659772159379
5.2192125267439256
6.298051443191656
6.318896420532914
6.374319861504519
5.012951326649551
5.975018991842374
5.463248544115502
6.3157991433118745
5.219214985316006
6.146744867238559
5.674878895907098
5.167627822402797
6.180419223127206
5.9239528946188225
6.643396420410095
5.882219440250971
6.642022463088319
7.726568937560849
6.216719130742063
7.279254278129449
6.910319620030272
6.444941879091033
7.062345607171821
8.010526130636464
5.472745882621592
6.961435346721925
7.502395087391664
6.452117496714057
6.652789409866247
5.9025930711876065
6.764121531638292
6.20610743933457
6.188476983072523
6.894036877503988
6.65443060551759
6.159372010111905
6.65326063338029
6.011423887784009
7.1915976358012115
7.416682970151377
6.592742391220874
6.502419868766786
6.75525792820938
6.460408868976909
5.357052593898366
6.800792918377647
6.948183749162103
7.112768763267746
6.009359154895373
7.087309149697758
6.1822272458588685
6.790041877832249
7.907825727504881
6.491395361172414
7.28940560892444
7.213779597263477
6.549238510738064
6.005096407160562
7.53767215125541
5.679856414315697
6.767535950322662
7.579944385849881
7.765809442509993
6.3879028341867485
8.06508614609071
7.46283444338008
6.794652818016668
5.913655965171496
8.046696917948669
6.709056022018478
7.861213288646333
7.964828066011298
6.638015247474039
7.477991103439566
7.0051725601349215
6.53183612482758
6.107174584813281
6.949176600737697
7.157885332894374
6.940383286034725
6.650909430280656
6.281879336816346
7.290024980099278
6.857988384713844
6.824856378521229
6.660576156999187
6.469855008453326
7.501333416085908
6.591146822409652
6.708628281550318
8.339874108210457
5.799920381230102
5.638927888923137
6.885344229061703
7.752749109389935
7.4573465612041945
7.630086605738629
6.591725155821964
7.8753070683540205
6.640070833864556
7.620613853762033
6.956931650261451
7.933715305669896
7.542398712257626
7.457110748340061
7.84970287432889
7.057079587988035
6.8478250568316295
6.862916418230871
7.679804393353308
7.244040059081609
7.70525641331389
7.852531732424692
7.985073477504685
7.851318971673074
8.297193965830818
7.5827166964969095
7.719974867140009
6.633059269730939
6.679124442558351
6.455769811201556
8.308881960727065
8.104016927432
7.47254458749482
8.013981095305912
6.961607319432696
6.587200256835519
7.95610106062043
7.115304580772151
7.527366957772088
7.133942797637289
8.316881632229679
8.286577819434982
8.52959421015942
8.011704502245
8.33327693790968
6.984788516222791
8.0197138576303
7.884600617953588
7.882532680681075
8.188289235551345
8.303773115052078
7.2370878414875754
6.9835185017997095
7.605410449537956
7.5022743409091
7.347795146309218
7.478288676149285
7.685188453012463
8.212062980333098
8.67942926269814
7.7256401122830844
7.674735115554555
8.088726223592625
8.336975701615955
7.8951597953284205
7.288465105383744
8.79944602079372
9.006231818132388
8.87726645832433
7.046350287995625
8.335267309422989
8.17362659322225
8.154941951110223
8.72308753617244
7.6408661172925125
7.062363783627274
8.436097041265143
7.565802969843407
8.252933483537301
7.993425597729457
8.050507033521551
8.832936503867677
8.27695395156105
10.46491208584086
7.860987398891783
10.658406181464144
9.94301896196967
