4.2350569826765465
3.821602976964644
3.3349878517753
5.207215604079174
3.381598081924686
5.190064997984203
3.518168820500377
3.759098934122371
3.5026888309037565
3.7504158413489113
3.708099098051135
4.66585930025475
6.021331077843962
3.654897480621493
4.730587001509478
4.000777260512765
3.5747229891161885
5.486312873975388
4.189917207134203
4.5064263239970686
6.186474870362279
3.857279186065509
6.414853979752156
5.232285175401122
4.6693576587177965
4.15311108851346
3.609605803915426
4.08438569578328
5.128937067434078
3.867119930519451
4.4136977949791945
5.2705497078990104
5.941379786825381
4.784308648914129
5.053352554946669
4.193263337936225
4.701244669940905
3.887366816210553
4.665847801371104
4.411981918105889
4.535373869217622
4.151357267238687
4.071480850402544
3.6190747129939482
5.294830281385937
5.881585941072547
4.850133282235689
4.60067842163928
4.978070586791877
5.237511587904553
6.4581127729994545
5.9496628803281375
7.029934940073648
5.700414068608811
5.330380240151483
4.7583204372768275
5.630682038673212
5.905256419522042
6.115525707542044
5.0395643854620245
5.927979578438476
5.0188565139187835
6.965436007770115
6.482935925172191
4.63387472803757
5.826585636249817
6.696216288303297
5.052650379792951
4.543765630480999
5.391224623910547
4.938552126388653
6.526539545806647
6.998736522342349
5.74950604811771
5.795789937976169
6.313028755627138
5.173419488706802
6.399832019100326
6.10955809168595
4.910156333279577
4.824470356246142
4.729831956967151
4.1838645248857675
4.745962222639768
7.1769654886313425
5.95485447395539
5.608404757020563
5.053951544430856
6.354144596292766
4.46586487714642
4.47761903796631
5.243458250737908
6.060008141916171
6.840213686275829
7.097602068846896
6.697468631500412
6.506883508646517
5.803909964719065
6.215137732636091
5.101013123425873
5.796378377037134
5.897354614558719
6.094089225412953
6.251002726582462
5.48669763217624
6.032478672686807
6.315293906905626
4.787598403846125
6.770644496916322
6.413585656892571
6.108917208349396
7.426921973215135
5.238106708050053
6.26389646280552
6.288016339957933
6.446893235937751
5.013343814747492
5.969026276673901
5.406803323587187
6.299458974605704
5.2184019521014005
6.043818008536956
5.652686200155445
5.150913388312976
6.09508294639712
5.957280923125406
6.575469883656231
5.8461771822099955
6.567060148792341
7.5697779870098465
6.168837644074151
7.222592403455803
6.924628466583853
6.391302031579416
7.061412376155449
7.996786357096532
5.458792572152662
6.982672927161056
7.495324426438022
6.468926017626567
6.6225533434865405
5.907225093752225
6.815858595704294
6.091976830881979
6.232745697420201
6.835712431468157
6.673565651533792
6.116579770927761
6.635238288457011
6.04644037378189
7.206221441598501
7.441906954539718
6.653250262345692
6.454516792470081
6.809011214759231
6.3813826014673785
5.339332885877145
6.7897836549017745
6.982963794509386
7.104186755953457
6.027159798951974
7.111948802425788
6.185780881002794
6.806991539590232
7.901693039530555
6.360531707195329
7.311699998541398
7.152669645825499
6.652495587431095
5.955151328555744
7.492613992959549
5.735577538752578
6.757086364919504
7.566450178734598
7.778933775082012
6.3414779346003565
8.135540573064779
7.396013918036308
6.798730418837364
5.979370956589456
8.067442734719151
6.734439849573503
7.9073765782669465
7.979381062884232
6.673375680555259
7.288286575737672
6.981047237759409
6.593433157735454
6.1181413797332445
6.887539856617886
7.116323156400512
6.9040772233786765
6.596480308334781
6.221172741767383
7.311824796942664
6.815667839004094
6.744876826208347
6.638427864633282
6.566314003975261
7.501170704977644
6.65998511265932
6.747724752172982
8.33876370885626
5.844858435463303
5.654794501412628
6.835754465798785
7.750165433570789
7.5042149491673715
7.5902385800284335
6.573381383702234
7.850390153823874
6.601982849160023
7.573148325126811
7.009866024360202
7.952344560939599
7.526415970249419
7.4155777452382745
7.909014134334777
7.066049471494765
6.800718446161441
6.819270921924724
7.6555385296056
7.19805432057222
7.704577557943471
7.863532872794462
7.981137273404647
7.801082733672878
8.236197824467682
7.602153505772717
7.67396746851586
6.713174769675511
6.735190718981766
6.673253760687826
8.352318547925213
8.18585404124654
7.462906626277247
8.027630397139205
6.967096292377541
6.569313694823576
7.910832291529083
7.139074877512357
7.4644413111527355
7.1232831128641205
8.255013801618036
8.292680562554278
8.52574748679579
7.955446123971683
8.346212673884605
6.983429129550366
7.975263447882851
7.892660786401287
7.840363589155727
8.13879696387319
8.288452019361232
7.284787200739109
6.9722886255568035
7.634120701577083
7.462952906258209
7.360824574609041
7.446849403463863
7.724669060116419
8.261446162674535
8.588312969422553
7.704051133282958
7.656102086867445
8.200145645312872
8.330516232007401
7.877173959430495
7.219659122183475
8.727508437392265
8.946976929678117
8.829212602097657
7.054185499271595
8.316460671206862
8.243229098860638
8.117340789037629
8.81807796389942
7.606334381965343
7.060577378868942
8.48219327519615
7.5211179360641545
8.273941671940568
8.157331532270561
8.083356318157552
8.79860126255658
8.264850262881346
10.421272659643602
7.789648999261942
10.792861247449885
9.872909660994909
