4.226751444363705
3.8317548653541302
3.3153212522023
5.166633724699766
3.3504287067630707
5.283120820105603
3.4612010920630345
3.777912406247057
3.498227191187951
3.7511192959071495
3.716768701426
4.620840967625735
6.023713485971841
3.6248561017428402
4.718635732253475
3.9747396074974204
3.6677429072082104
5.4224951571385684
4.2162478177387
4.477344468388714
6.169185985712669
3.901604116990497
6.489538100086369
5.241447874427867
4.644275485202476
4.118228203633354
3.5937800761210363
4.114112370938048
5.187889499621489
3.9301257546618853
4.340453170863716
5.333186679852925
5.896806880248174
4.697970070530969
5.127569951114483
4.17188605898351
4.684343352708972
3.884953780830881
4.691117348870733
4.389300175550076
4.57264347437345
4.188853666689766
4.033520804798288
3.58470190118319
5.277023259474758
5.927285016211302
4.904957580164772
4.63225708953526
4.927111518207225
5.2491465543614755
6.5192986296099935
6.002925243010664
6.961470501034208
5.693855250661972
5.37927683060438
4.796051452705754
5.6344732213786095
5.879143161111218
6.121302704645359
5.04773225898213
5.899812141849474
5.076835550416094
6.910629581295032
6.443779331292102
4.605054414345518
5.784085383253084
6.729621608932508
5.075077580587801
4.569283417276681
5.410652544419155
4.9466979258302395
6.560900482143641
7.018380809810755
5.782396169989691
5.825581616478404
6.279973366274417
5.185082650331928
6.346312780208999
6.141556783210526
4.965298200926064
4.797006073916748
4.7187457541136695
4.219259198051235
4.718562907310115
7.172237271534925
5.97127826622655
5.546879085844858
5.0150630232803115
6.349683923243372
4.4598331938992
4.477351618775526
5.198084987606157
6.058405277297686
6.873985469859449
7.144670028048896
6.761980994130475
6.48017646258368
5.836823033784423
6.1837506724672755
5.180742847886814
5.831832060467353
5.900374187804575
6.083767151965265
6.190294509487671
5.478276115357971
6.086755831270654
6.330466297620317
4.840893741032734
6.80051205445573
6.425807041322975
6.1228103151912965
7.475247611751062
5.283824341391673
6.274380079722826
6.285928968239546
6.457160679816051
4.984831964783375
5.981665433328447
5.445959131588145
6.296967402188008
5.214889028396314
6.043956378461667
5.69033827554774
5.160612565624515
6.084492620178223
5.944069164960553
6.610463105767208
5.940378593024539
6.618737821851154
7.5671241498970865
6.178115420691022
7.282627894808025
6.902042032770593
6.414563648270766
7.080289554389511
7.998429477719936
5.482295087559349
6.943314855159496
7.519682054117526
6.515187666211698
6.6295410975078575
5.942030269205475
6.795925496576304
6.148915395880733
6.198599829378811
6.872312435993711
6.633261859496587
6.108358296758743
6.63277959439815
6.028297791726874
7.147585459071367
7.459485045687753
6.6274931580575736
6.443397772495976
6.830486915642574
6.39850188063597
5.385868367036504
6.735943665462248
6.9593566462385406
7.160348464009296
6.008143040841103
7.118054502762513
6.1689884866739675
6.741754860705384
7.868768802572871
6.435669703647695
7.315006754174984
7.243600815640319
6.62843806172309
5.992927830775811
7.502975180838223
5.717119777837418
6.743235919720554
7.578416205904043
7.759924141092507
6.333305786971044
8.123608396754722
7.32131424616702
6.7547486908907795
6.007990219223399
8.036346798016712
6.737962445371728
7.835786947309947
7.984793695001796
6.633270177797655
7.34364785018082
6.965804677295768
6.533414214525028
6.027323864418307
6.934031179442072
7.138857827016235
6.98848935478354
6.6149196254918845
6.263601848794755
7.2908057766422285
6.8568607432542485
6.821735026488409
6.654337690913362
6.597687359661556
7.538718459145717
6.61734035227885
6.76703314681736
8.313694854246856
5.7968597162052244
5.607207200113873
6.901201981120746
7.702811695680312
7.504917152829599
7.553995088993062
6.5889727202374715
7.88217725884067
6.609276039236615
7.6409684867897285
6.998811881563339
7.852806000031157
7.528043091295561
7.435062160899524
7.851652590708177
7.047547965360524
6.882929297626589
6.794112370849835
7.663749017197119
7.209677869831518
7.6841978958429
7.817628899739807
7.976874589565108
7.797553916484043
8.254533804353434
7.570068976999373
7.715252655902525
6.732535747136735
6.674998941106075
6.75267485969084
8.373972440157281
8.175321818200372
7.502982465474529
7.991162289903145
6.889601456763634
6.584405178591919
7.929233239464438
7.1121641260030675
7.483590164498166
7.105318570940401
8.20523142648116
8.310512637190298
8.53996136005349
8.040046897582016
8.344833118771502
6.980052841144753
7.9952605230105345
7.9328278486186345
7.887790957977977
8.14185486692425
8.332069378840195
7.2732741389307956
6.994015030470134
7.619426175318804
7.471826022275167
7.3341171557893015
7.429841276276997
7.661814508391599
8.225671043979819
8.60085095770626
7.699159597880026
7.656086081476291
8.207814464402686
8.328906394317151
7.8647628552585145
7.280818496928546
8.75827100888405
8.991508977245068
8.84574161193483
7.041487292703216
8.302924575069987
8.262329212719479
8.138526936725219
8.783917037735232
7.601719015987429
7.1148040622212605
8.413358321807719
7.515414616294025
8.276794671899669
8.146281805071583
8.02532036213212
8.811225017931342
8.271994650703775
10.440191225861643
7.845011171497667
10.766070841408784
9.942460668365463
