4.299839726758779
3.7857728648880262
3.322206945498947
5.157717994154035
3.3844742911333547
5.29766768694451
3.5235899283956993
3.769129669004278
3.500662795452926
3.676927852924532
3.720732651536774
4.636301608545393
5.971597683522903
3.6493773126667426
4.737544114028122
4.018079351266461
3.692708048608159
5.363940803781951
4.200260137758182
4.509094032588827
6.189954556613386
3.8389424424150906
6.467864383200527
5.256441885761454
4.645685865882989
4.07920844759811
3.5936862449677354
4.110281248974966
5.154858688441445
3.875693464490601
4.377884321996762
5.317931849048193
5.923877479696806
4.792050084401621
5.056096252429152
4.173921707096477
4.703178741117087
3.8839653748109777
4.664168185654576
4.358478821245531
4.556727050265653
4.161418548337952
4.057115407968807
3.562829683518644
5.336992455628941
5.846575456453229
4.88922085097826
4.600344039424998
4.989811721231204
5.233422510521652
6.4339366405579135
5.905186799442519
7.050422435537782
5.715194742937063
5.3237266361762
4.886600080837944
5.638656648733072
5.894578248523503
6.130400902529706
5.089676997033512
5.9306235108328895
5.05874827517327
6.881030314570165
6.4614393115263535
4.653924592764049
5.863584194736315
6.686269021467333
5.038961424983538
4.578479697190476
5.395485265830214
4.918771445148828
6.534632327471879
7.027124159080762
5.785629076021024
5.726763175732597
6.375867182286304
5.234676048028355
6.35071201519431
6.130636670790993
4.899092196548239
4.872650698652058
4.7540870539547
4.178040057953265
4.749428343769325
7.190055037255422
5.92477537202636
5.528138388237982
5.04762138329289
6.31213044273329
4.491401748279444
4.494906752583828
5.23662439001815
6.064157070082072
6.719286548197437
7.1621232266679
6.724499677291082
6.501885372544016
5.793653081678679
6.228997377723802
5.139902398609777
5.848209212587941
5.890304455030613
6.0971121181170265
6.224563768161192
5.46358937673347
6.044533898126785
6.3011634960191145
4.781264823992855
6.757780125540751
6.418496227255882
6.107101188262554
7.4481300206184216
5.267698505564386
6.297052575201295
6.339266402850933
6.365422009301007
5.042380767946167
5.944569104023017
5.423793277673828
6.320583407041516
5.260859111430943
6.145767534114709
5.682463532724574
5.189573951795517
6.1482362352794
5.939256054800806
6.634230029639442
5.90863058715002
6.568475653060744
7.56295496231068
6.171929141328507
7.297733810763148
6.8546483644858025
6.404929845805976
6.983788532268214
8.000461833964586
5.50632787586847
7.017268113486583
7.4739524070255285
6.432186821326521
6.6087496348587855
5.922579719947633
6.7505109743162475
6.138945015311125
6.20094577584317
6.9306599132641935
6.606699498860975
6.182448140561494
6.642574287552431
6.082150865569238
7.206280378237961
7.4056415008042595
6.591812915304936
6.447492504922323
6.787181838282915
6.419023991350198
5.384477636946436
6.799731280558483
6.914946448424083
7.151604351284592
6.001365254592471
7.091135391190445
6.2060481083717844
6.7708318741556335
7.852896679074011
6.4466823484513265
7.274456670879777
7.167614306524025
6.578210701326972
6.003961872111859
7.472580550162151
5.779987604433344
6.730311089962777
7.5604685583449625
7.736326005843454
6.332694732955332
8.114665248183632
7.355510801388241
6.797861777054335
5.913038840346381
8.034664076046452
6.720308117694374
7.815653169297702
7.988014954663226
6.638806044601273
7.333066682357357
6.986306497310002
6.5437370412162466
6.115554612743056
6.910303126708371
7.141626552510909
6.948437932152753
6.68593416229375
6.2701989346155615
7.338387509852623
6.843666942384797
6.807076370653635
6.641770242810325
6.488244623185938
7.525756285160457
6.619275433257649
6.713200214540337
8.326678343964076
5.798998441456982
5.627664450773528
6.840452540772843
7.700326043941222
7.452984128833041
7.622595964097055
6.619424384262128
7.876165020184972
6.621722023387572
7.596047728343189
6.996738753153195
7.895881524192434
7.494087114142312
7.478822523224561
7.880287661982679
7.076595577023914
6.82113397215144
6.819142124526477
7.669548053878015
7.1894448308467895
7.708869427845935
7.876342472994567
7.957209170808863
7.837607980698069
8.275112191580053
7.611542536682725
7.638425236372353
6.710275396122891
6.701178056559954
6.686555156097985
8.285245537207114
8.16999475451957
7.5241550415604035
8.011054087902465
6.937236448076875
6.567117782811305
7.917026953161309
7.081555906053977
7.487749824561067
7.150036644024066
8.250272348078255
8.290666920114592
8.592194728918013
8.058086489432299
8.35556050201272
6.987079414376765
7.977031463902768
7.877213776708734
7.837625695828258
8.131049649654301
8.301369316416803
7.283047369432177
7.029102578459713
7.598432508083134
7.500868001390123
7.358515854368857
7.497063442717002
7.630265971446031
8.217844987597225
8.635769332234304
7.644489296313475
7.625342643066958
8.162099690777092
8.329502182126703
7.852771016599215
7.272768250436968
8.764143280008245
8.96099779693516
8.854462030976874
7.091089541535287
8.303145291957865
8.199108324074937
8.11275069196067
8.844932170832116
7.597056187243293
7.08548936916648
8.375910962346435
7.586470805616947
8.306178763102867
8.158591913757677
8.028322225002018
8.85948284402156
8.249816872499055
10.466120862321056
7.873100421737359
10.77163654229156
9.90802169169826
