4.318857099038595
3.84242894031731
3.3164392889409027
5.135673681009582
3.36517754767762
5.2927544140734595
3.534009936236956
3.778628285958594
3.54719050590427
3.70272873348123
3.7367119879795316
4.576963084483555
5.9796042825938045
3.642184749026648
4.7301627142895235
4.026968191505015
3.6831751580305334
5.444933790916173
4.197729013611328
4.489102094897527
6.11766207258688
3.826121205435925
6.451227301723858
5.2396356773824815
4.638729228575311
4.0856528899014
3.5905039208620746
4.101153999862021
5.142684627655323
3.919894652992304
4.397157844504697
5.318809695948049
5.8898183957799475
4.763893646425673
5.07437246904755
4.099352656962534
4.736792380878965
3.890502243469129
4.674214466481326
4.455593162425259
4.5516524498044575
4.186391774376872
4.038329513927824
3.5550401098909408
5.317807150505107
5.96522309980357
4.906991196387158
4.618987961594196
5.034401154079151
5.176840841404619
6.428483127012895
5.969807913394028
7.029427308885437
5.718172184260977
5.356286882467382
4.854189685630259
5.636580311762302
5.883276168001329
6.066823240092612
5.070410943373782
5.87225900074359
5.042341213771955
6.942163887607811
6.448183662635532
4.612295168574034
5.810230622577722
6.735607548540721
5.071892505516736
4.612562938748434
5.398785999193972
4.942328501352445
6.5364654715609385
7.004207950306498
5.787660667742351
5.8192004583824275
6.324126846016528
5.180951156353182
6.31640849266593
6.13812661014372
4.872571315241473
4.82907796128012
4.7363443026447545
4.175577217434069
4.740458766690878
7.19020661755356
5.925532433478235
5.524680106122121
5.038637703067689
6.389846064861939
4.448996694551271
4.449128372796812
5.242317063031447
6.068271579143001
6.764130585040918
7.213426032783114
6.729483365611481
6.482531228650312
5.7720448464968115
6.177996970004874
5.130446829933399
5.884175716844968
5.896027255131058
6.088947071917564
6.18165792856543
5.487922303970948
6.079561033436433
6.36540333838502
4.72632997712344
6.796390710716047
6.34837396083436
6.139660904756852
7.463439875025605
5.27465522361057
6.256529543002115
6.341140008773548
6.385114499277708
4.96048553395654
5.911841215282591
5.427822471791442
6.30345476487582
5.219426569263412
6.089877347369801
5.720205798885613
5.1393196156072625
6.103663526552529
5.9974589847497946
6.643399361700323
5.914177669145574
6.647947334405804
7.580186930452333
6.150251930872411
7.2369401166145835
6.89460852337052
6.397903992958709
7.05510627507234
7.969580336888887
5.4480836800595664
6.944543879060765
7.494623128961713
6.485330880184348
6.60026105296255
5.894497102874517
6.793093123139556
6.170546531924735
6.193636148812372
6.921323071941702
6.62996947576755
6.166583635629953
6.658758525238309
6.058182263750355
7.195885257357418
7.436781267941776
6.62140238453828
6.445858599969819
6.801883235198835
6.354723895930497
5.3674015028887485
6.816549615831068
6.938841361216889
7.1186485770551595
6.032892486690516
7.096499017616775
6.182743150093703
6.810835653039831
7.862788531026888
6.43062210403428
7.303381810282144
7.185518496874959
6.6252548837222065
5.990295541134538
7.511741684086232
5.693785194861348
6.753811315923235
7.603009931445871
7.776964440143795
6.356640777132181
8.177336262758047
7.3645585543511105
6.72858132995179
5.994426434902483
8.036556658448085
6.7102100448622215
7.913457124945614
7.978688795158115
6.65818317122644
7.356209488875114
6.982946254147665
6.509369649782707
6.077800151075927
6.912141666084118
7.185099553636178
6.911610258889658
6.573687705612526
6.258861537017118
7.311123762360591
6.824993427273242
6.8490927547563025
6.680392946071446
6.495631848399741
7.548306516873446
6.620629896396726
6.691023127403148
8.332817910657848
5.8494102264526
5.644604353188494
6.9566470432603875
7.714768776430058
7.419238524376414
7.571177689621788
6.5500287375254995
7.852087697944319
6.595464964960318
7.6476653442558495
7.002971159612827
7.90119837171677
7.55434952263607
7.439393825331152
7.881790028030423
7.026395941030021
6.848534896879729
6.821603898369766
7.639169283219552
7.195990138357356
7.65541947897715
7.828409688400178
7.968013696848738
7.757302027050912
8.294214824082555
7.565640140435226
7.6236549168258945
6.719616942731355
6.742128451068735
6.69690891195628
8.338719210419011
8.198202359399666
7.543144323530612
8.028798233869601
6.977195620547114
6.625558371346104
7.9417228659192105
7.12560788206366
7.46827560724871
7.160338735412489
8.264645289385804
8.299570199854333
8.516463979680676
7.981793637315347
8.359370835012356
7.034076282401672
8.008505374208449
7.874640149372178
7.8781141289626655
8.181915954017729
8.274456787681594
7.208309292923842
6.950692682183047
7.624242820098357
7.460208601646096
7.390435667010651
7.437477501005068
7.661883146374984
8.269957453994564
8.633269881924544
7.71591033608597
7.659825137947662
8.14909823845602
8.316911314648987
7.87671674970867
7.317172427473103
8.786846183202645
8.98818281155889
8.85330211211807
7.036948595955133
8.280038674347312
8.214195898642876
8.180720706921841
8.781890432317788
7.578711208329709
7.12284720582249
8.39103489000302
7.554848052335905
8.281651446833152
8.161584266451726
8.007601829435687
8.805187653042044
8.251622461284335
10.438582610107145
7.871186649513001
10.769358288236898
9.898931754353601
