4.252727883902764
3.8441376985609557
3.31338310483215
5.133515243816877
3.3565745725029563
5.251385410284078
3.5346615746011354
3.7491830550653047
3.504483590120537
3.7798978426618186
3.682729816346665
4.605622922070342
5.952292754968223
3.6894647592701144
4.772360248623665
3.9826479469121754
3.6528873188726854
5.429420550017515
4.217746557853869
4.503931917490293
6.180174207874682
3.9280546878717724
6.472690474920735
5.21489505940724
4.7040570138126565
4.111300053101338
3.535720149607994
4.103570920524305
5.1558730590401805
3.931033903104385
4.34052656925669
5.33488475202792
5.93526348433778
4.733206298573352
5.066311140324953
4.082421286876168
4.708145034127865
3.8953023671738958
4.673985211220238
4.385954096445394
4.519651652849365
4.212958647586798
4.021150701235004
3.585822545012459
5.3386897928150345
5.874111338858692
4.909584444345494
4.56517130535331
4.9973121168597885
5.24165239175096
6.444012803292819
6.021694768424933
7.11969684075626
5.743386373621643
5.422197476888195
4.770835067013225
5.675963802642844
5.881697016488069
6.1477840038026965
5.020347037722802
5.891066782338344
5.038010186184552
6.904653262916614
6.463796395882223
4.66683031014267
5.834652001998286
6.646894609139631
5.099239088247566
4.559973199172527
5.3892725541052915
4.916776227858488
6.520755910760476
7.023052644016209
5.75115116667509
5.839123122529243
6.303278925827925
5.174437733030036
6.387535077023612
6.152696663128557
4.9000617933309325
4.83048267817605
4.736599343195772
4.208616514379697
4.746385469229393
7.1891542171242655
5.942306403345726
5.582688272884848
5.025745671094624
6.356489802144179
4.439345422208106
4.516877195843489
5.225948626874917
6.031811218342643
6.768788970960504
7.116410199613631
6.72558742352485
6.484301496335501
5.812521480913533
6.1492836822825225
5.157788718569643
5.88127263092884
5.941116516468139
6.1110191348459395
6.224471522401019
5.501207152363422
6.074868481623607
6.343017471835526
4.827711746461243
6.74467276794713
6.363984684855835
6.127811415828558
7.431892149700618
5.244495041249145
6.243569824503524
6.2793646944726
6.408552536329991
5.048631683548752
5.968982461692811
5.400254493418618
6.291604790733942
5.2317144108871085
6.054158921149247
5.653981137695064
5.174301647699779
6.135665383066835
6.0305755922059605
6.633856979980381
5.961570437322305
6.567028951656892
7.582064175934988
6.195192223038127
7.300230777180964
6.954594869039984
6.410115663224275
6.9880693855055185
8.025003809924206
5.522923720979408
6.945921914838296
7.470564769483666
6.470945928045678
6.6287802280278125
5.897337046500683
6.879239999003055
6.120792804167156
6.226671424508224
6.875051126324157
6.669325202228192
6.1669611386927805
6.707607171245991
6.054830670648411
7.163966540444669
7.415822399769116
6.550297845759719
6.413591315861351
6.783925160218559
6.374787252282249
5.350528931175992
6.774656261656485
6.9556500078099415
7.146516751316334
6.035268782079326
7.109730958427914
6.1812492473292515
6.756158027229539
7.885779786905399
6.355759475784404
7.304004317741079
7.236530361532421
6.622723566182513
5.965817857459586
7.532921624460297
5.778470306377349
6.743904423290457
7.592834904546138
7.749687351493696
6.341575257434849
8.121621104089769
7.376570577095025
6.774076821069234
5.9432578087687205
8.012096968338582
6.744604452105062
7.835722680745043
7.992309075740295
6.7254333379035955
7.325515807478217
6.963279780875943
6.522793116924265
6.0715107363716605
6.907658553788819
7.0906276872274105
6.91428967275708
6.613570409053889
6.236835215637177
7.288359040398051
6.858305729606614
6.755395988224075
6.6860939671930275
6.436871279480666
7.53849446083337
6.617607855564302
6.741236135159115
8.380324475406756
5.809081281294722
5.676948366610425
6.804177703271105
7.767974387232923
7.49689736515365
7.644648436702438
6.588808598576812
7.871803253937697
6.625552213277492
7.6427882102469065
7.007381612273002
7.903330068957084
7.537192389915802
7.496271426730729
7.911499200298943
7.053834451091607
6.843605425781552
6.8078197892851176
7.6792839349782565
7.163560223590082
7.676870371474346
7.901291033832202
7.951690842132686
7.791432160576878
8.262808968938439
7.580593218032333
7.628026478961887
6.6909552045081595
6.6840391282589415
6.698130587719822
8.289673799948797
8.204285241869764
7.532661291448825
7.999731734041096
6.940557434294753
6.622046089613944
7.928529322922011
7.065059498815836
7.564421186327287
7.1120216150884605
8.262905664236172
8.324680153909496
8.55565717372096
8.029843979182859
8.356837431192332
7.030032783154468
7.982452196529735
7.8726839566566955
7.889881319779345
8.162172516415424
8.295974865248763
7.221355421472847
7.002875228475807
7.649790068202181
7.483338580707358
7.443488810748443
7.461182064495251
7.689898867904431
8.228581073023648
8.613723345545829
7.695176251057844
7.685529160206162
8.152318730674317
8.33859307487887
7.862327327769885
7.275441563412546
8.733726683453053
9.004689926362381
8.855252120251427
7.072654970820013
8.318448432749507
8.195202017814399
8.128647923944706
8.757460745313836
7.665810696961938
7.137425703539181
8.389168707916848
7.55936806706893
8.308747657787716
8.142463214867547
8.01967789290653
8.81238368321427
8.222630284066234
10.452751348753763
7.837628813529728
10.758901114748982
9.888671698891518
