4.271723451928346
3.8843965260708666
3.330517091630554
5.117216154718799
3.366678062975873
5.260554327964506
3.558251681881325
3.830119493370865
3.482468030053062
3.76467566374127
3.695726097144912
4.576573611772725
5.990635905088035
3.6146761272678205
4.737697957911694
4.063141349044463
3.6631845006874806
5.36184338572462
4.206338420025589
4.447047693840444
6.15862754522652
3.9204837709883553
6.457055980862876
5.2423011903563435
4.832065141849496
4.088475402118508
3.592370362028662
4.092023790511153
5.141239962076037
3.8802787716000493
4.463242939055565
5.267095360883461
5.997824262176936
4.79592909525579
5.148946029059428
4.107548872861343
4.713105724118752
3.9570209630057374
4.758080744927316
4.399858347355005
4.553135308201542
4.142224734061378
4.045978257876206
3.569988771391611
5.253764426030731
5.919596443481051
4.95482177190845
4.551664596820515
4.983795600487374
5.209349805333025
6.402315102242291
5.967136160624736
7.010079219835658
5.661058334681697
5.36964591424405
4.781612756275246
5.630820980416871
5.913755112980592
6.1285516194430665
5.0002172136232765
5.87898763063615
5.00520838589439
6.9097423634205075
6.488028332612076
4.606974679917251
5.925088010037176
6.7224352987316145
5.060274211940925
4.579275771668687
5.411324661594739
4.859655019782497
6.573513492185923
6.97366931775164
5.81935457353895
5.871566642397996
6.342261434101653
5.115225745017122
6.348765422778366
6.103751396152136
4.871537944646839
4.837846814377458
4.769204683825748
4.242256819451505
4.707222927828202
7.208032150031952
6.060901513881052
5.590582782261974
5.076522152251492
6.343746859056553
4.428605790941275
4.494510181838265
5.225112267368461
6.057145530800204
6.7696121028975265
7.193177207020467
6.701206373127402
6.544723111311322
5.8132728674834695
6.202505894598595
5.121150983173839
5.855021521656926
5.909027935408886
6.102320267869539
6.207234945768307
5.47974429867091
6.015658398192723
6.352337219970098
4.762690130112428
6.781803177733373
6.43697645043976
5.989909609764455
7.471431474560617
5.236947008913497
6.296556737817671
6.267959483553652
6.387949838848751
5.017167287920868
5.960026414850246
5.486244881763209
6.360524983238002
5.2159560802491285
6.127568253962738
5.645599781371258
5.178589083677329
6.195478054979116
6.00370294868304
6.65470164829306
5.857600105210118
6.561374857868319
7.6411293006083465
6.215898300680466
7.290512456471705
6.84817288083414
6.401383522338646
7.029483753091549
8.026970067667836
5.424941207768483
6.941134421649921
7.524208797864679
6.454782508966765
6.673081285390831
5.937213107407908
6.855811582614262
6.227809280205035
6.207032152899038
6.866531966253357
6.6198146032848735
6.156749134261557
6.6596475710975165
6.02868116131358
7.20734980710852
7.424002565634165
6.5981959899385245
6.496512596094045
6.734901915863785
6.420218054731141
5.389787534547541
6.798289973181732
6.936159117018546
7.095932941449264
6.0306743810421874
7.059650233067147
6.179854805408059
6.722467028996114
7.932184412610958
6.398237701334255
7.286583290965982
7.165229853867091
6.630501485717092
5.970688294823168
7.497183195302988
5.703287224403018
6.741250055293785
7.583744776163417
7.7966111693813485
6.3481934342279915
8.102216124654296
7.433629590919677
6.822569415561789
6.052716196819141
8.096310416056
6.747053316110474
7.860140527273769
7.947401433171079
6.665369719105522
7.454827736594385
6.9889797237484395
6.52089444527004
6.107664967730081
6.924640669734317
7.154037610555563
6.957599852264837
6.635029776195655
6.264035634355984
7.2642312683239325
6.825977188150379
6.776164694797641
6.647897882622516
6.504178202183641
7.53470835285454
6.608895679144049
6.652669455735753
8.345287101538243
5.8430841968903025
5.637624756472478
6.845690926919411
7.72484204282839
7.49617128175389
7.624401757725956
6.628412022807101
7.846946550238789
6.62313693139026
7.63318425525352
7.036641302651006
7.951917314942277
7.508686110016152
7.464850279822926
7.839690317995126
7.050243157291787
6.8473396100076
6.820562412193771
7.648186949879803
7.243356356806942
7.703450422258507
7.893150812149017
7.960992094414431
7.782943591550225
8.272225879946655
7.573811290995895
7.738079352997843
6.5966754735341695
6.667877491967213
6.450744556328313
8.35917192114739
8.156889916239336
7.507877237350737
8.046711395079388
6.959902400143695
6.610435641958336
7.914581198266374
7.062633717801115
7.5231603037979
7.116171708283488
8.295515164193208
8.314844826462172
8.556247076706313
8.016155947153182
8.330644814661747
7.011003555801128
7.986393500933559
7.869552759257599
7.911761257968114
8.196144172406136
8.313920756292344
7.2459228010528
7.019906701176556
7.691682039602847
7.48738552752382
7.415953121985886
7.493976126480224
7.714740788108811
8.208325162587078
8.67483952769862
7.698350964582627
7.625709985978053
8.182641229275458
8.314672568593238
7.899389944287145
7.242119197021157
8.751000560900293
8.962030419731917
8.898110520047876
7.074619842126523
8.320244250771353
8.173815073265972
8.154705581899258
8.733853170930203
7.64908394715993
7.116473149250744
8.436648726565616
7.545510648665746
8.31619595099778
7.997138981880731
8.051022809738129
8.77579914623152
8.290854794879595
10.473214777874492
7.829836586484278
10.6250186228609
9.95365214129253
