4.275014713892115
3.854589035940519
3.307990260692635
5.21224923597917
3.3719651207644357
5.260751122112541
3.5250998920442465
3.838117611038787
3.4678773862255023
3.790522586872009
3.69445333249257
4.575716398498221
5.910056462439317
3.681128469671604
4.712488260369701
4.032922649161713
3.684211801403843
5.480744639809915
4.211712597672452
4.439175550083436
6.138502122186868
3.9080968587929887
6.501807398145972
5.216639462292624
4.758110634867089
4.126799592878554
3.5794299858370433
4.077728675043904
5.1667044720335475
3.8884884555754153
4.391935874006949
5.284976651005178
5.964992051040917
4.789232179818558
5.155751124171118
4.075827816887383
4.705425538282371
3.940088138123153
4.7110830131002075
4.41238728720435
4.540041579463936
4.188526237408275
4.071573129279292
3.557415786419062
5.261521129672552
5.913441143031944
4.932852657271401
4.523909211157907
4.9464972209267675
5.280923390425947
6.448766433294185
5.998681456628086
7.011608072336737
5.672123369628745
5.380324311439719
4.841111210142656
5.66240248410644
5.8823195006888715
6.105298585780214
5.02866938022766
5.881769798698491
5.029456427247913
6.909055450054915
6.475174638216104
4.604249691788704
5.832912166067905
6.693462130285457
5.049844324553236
4.580590114215767
5.364423987814285
4.920801846392957
6.515448674910204
6.984328060038493
5.830813051484178
5.823238317238625
6.3432879036513485
5.161709806674399
6.347722851341891
6.125823942649237
4.923807892923863
4.869935763982332
4.755983338875914
4.263943978783589
4.778289988985256
7.18817679950808
6.026971025296618
5.510534605619313
5.040174604681669
6.359085513515528
4.426025256031458
4.463264919201219
5.3203323960737094
6.118695444508136
6.773351090010509
7.166125551019855
6.699067735109336
6.5097275703988515
5.8922804893344365
6.213668222507966
5.101702202944761
5.85024061256983
5.868316044242552
6.1044636018979785
6.1967314558170346
5.50110343626447
6.027603096086216
6.315682303634059
4.775370409585804
6.814573053861557
6.357725209409596
5.982408472053048
7.440223719306466
5.275710162840966
6.261107439740913
6.322799180946372
6.406589225692265
4.999764140782329
6.0029449245271245
5.478974595841952
6.339799356747466
5.241031334446859
6.051462394745087
5.625745338424877
5.121018829773001
6.151663516111409
5.989002224110429
6.617826875522877
5.887298532889568
6.597470580142364
7.678542679183003
6.222072871804544
7.2880841724436
6.876895543717785
6.417010965881525
7.020583730537185
8.003795686880903
5.416357088704398
6.97011291728352
7.4974213741343725
6.522195791741034
6.608096168652175
5.9448346614421625
6.805575034832797
6.258800308679794
6.203571367431836
6.868065575603348
6.569818859323268
6.130209347458617
6.614315356537899
6.045968073703236
7.188694146767782
7.353163224919766
6.608541244925378
6.532742980141926
6.765201027237856
6.413478314275037
5.416820668907537
6.79758303207499
6.925347428271544
7.145632133488876
6.007777211780425
7.060949165720509
6.220315575027163
6.752805146410063
7.901010157228089
6.427698670374534
7.262138051589977
7.242136076500129
6.652070818968147
6.00483522845752
7.517373591876031
5.714291877209297
6.7448403488682995
7.57822138509308
7.77608797195634
6.425191073682716
8.094531422056953
7.42337555606389
6.818135581616863
6.015986215087846
8.057437067207955
6.740299547187541
7.84413481624405
7.932334776877145
6.669093993302976
7.424647272854385
6.985691710285781
6.540828501864571
6.076658916918053
6.92139789362967
7.152690094933181
6.931025505580867
6.628883567467912
6.289070302661306
7.314179703300518
6.861356020490813
6.8373272196412
6.661567196777227
6.499372957115894
7.516061708194025
6.559070228963914
6.749572122785775
8.378880906003205
5.822794697582264
5.60744073773154
6.857197929604621
7.763693783077764
7.462789752989523
7.603374834642285
6.668941713410811
7.837696953876023
6.622509161078045
7.525971241369968
6.981148855457263
7.970813892892814
7.494291709241169
7.44282644592875
7.906711936112341
7.072981262580983
6.8552966349339695
6.839194303726319
7.643480691651284
7.229524351368958
7.650583108053382
7.8857831137815175
8.004000960231371
7.786435428900041
8.284569408899777
7.592572895567647
7.653428030758276
6.637823395672921
6.709802741140051
6.40486385561846
8.309668509298184
8.145444495118523
7.48798015218524
7.999374954778422
6.9834418363977555
6.615563876255441
7.921740216322798
7.0329770499804
7.519387296111509
7.160324286204737
8.318465316250236
8.311737896859746
8.568369269521359
8.02260616161607
8.438859980887676
7.0148299933621185
8.011342925637493
7.889507796802367
7.854065286883402
8.207673746229045
8.297184656539638
7.24680760591974
7.0124788249505965
7.66341848454952
7.470501913514668
7.372009358841877
7.44393944438832
7.640606732602013
8.251642718735594
8.69085438133667
7.635668604674772
7.679265449124273
8.14668445917897
8.352604915037777
7.868924066532843
7.250846217180669
8.796162105999661
8.935391065557805
8.966181409607039
7.064829901497943
8.348639250904178
8.191575303771332
8.119746021089458
8.713185374134145
7.655046489345407
7.10162364295364
8.393400783009909
7.531141014841747
8.26613017226891
8.012977648884274
8.042695551285405
8.81053593364338
8.25073978457242
10.428113139170481
7.879434323271395
10.637336966340584
9.87393596060991
