4.228725122192114
3.8638514778639306
3.3135803567668463
5.136087405417824
3.3698886247892226
5.2633722614869995
3.5335029533872158
3.8103756605453
3.4725042555261108
3.8220318107721933
3.685005781578785
4.629166430935638
6.052276089110352
3.650440491659528
4.768944383451128
3.9714338918692156
3.6667300458821903
5.412891511569958
4.188136657895908
4.517962049263972
6.141268515751452
3.942155804592343
6.503821212182366
5.241792822655752
4.774534042176729
4.112761465804611
3.55557559548791
4.084193092198724
5.192501584721628
3.8565327097839734
4.416298145910874
5.290129367528475
6.00199722312703
4.822956679765656
5.161924191012895
4.1600887048354265
4.664183512918663
3.92824578364615
4.698419318588625
4.42866822909785
4.565422975293504
4.183161280536833
4.008124234983549
3.541269296396618
5.265937709135722
6.028147417274553
4.968383706546536
4.591836523385403
4.953069724962612
5.228239432719992
6.470371282001516
5.96116817873474
6.999140945207689
5.662466038229307
5.344052625726059
4.8652669457067415
5.621003861408111
5.904859668011781
6.090643065732484
5.062631171745547
5.8952536541418095
5.060750721876365
6.917008606867349
6.4796642691545525
4.573941359407122
5.847487433338531
6.716792136529556
5.088894976610934
4.57822157936171
5.34857399930745
4.898210496128076
6.526441673470046
7.012252260943294
5.785014328237293
5.855942823491956
6.386255537795504
5.156576478746977
6.342193037733429
6.130922160872954
4.953121529811938
4.894802819348718
4.729737423812265
4.258228022770288
4.697407028207177
7.187184732402169
6.052232993259977
5.579875670613166
5.093755928284789
6.3255047394040265
4.432541092817898
4.442636288746356
5.266859460883685
6.032281323487531
6.737439584533007
7.145428781100902
6.7455982182728516
6.535192821660846
5.813617047224058
6.187591379659427
5.154781739946648
5.760577558203361
5.921760268965056
6.089957608780788
6.242469656734314
5.478053500198637
6.0315567593543005
6.371303659349728
4.808709222194363
6.75127895593292
6.360871392984495
5.954315749748686
7.429324447787909
5.2076712014161775
6.2555351866199125
6.307314873203618
6.383261342083777
5.0138078870890395
5.982988248817286
5.4388799943899935
6.318018789264862
5.296703905256642
6.071642214481345
5.709141808921849
5.200201863479558
6.158761374154865
5.945544319621893
6.570432076376443
5.860846830406378
6.574130609597454
7.577473676014554
6.184282606777591
7.291929419590517
6.9298371710320055
6.473073110564233
7.073414178456051
7.997537648863627
5.426703080857978
6.98521275518582
7.489635740061969
6.465135442513242
6.605519537395651
5.9162321578988
6.784188378521795
6.213158501987648
6.1884781068237
6.9088544140962185
6.590164552879553
6.084339238699849
6.637677153557209
6.028990214307704
7.196862769921089
7.433279046166552
6.608414902392614
6.515701569576569
6.754181657083762
6.425523528639548
5.3581906782989055
6.793369865154167
6.977076722247528
7.118713932262975
6.050385134518574
7.094851997731491
6.195724703300193
6.760626564721952
7.9096355522035555
6.43551258865852
7.2844399386551135
7.168377869747486
6.6179805814509844
6.014590768838243
7.487733812025647
5.713635901756012
6.7289053398998835
7.594331683695449
7.761341339501601
6.282863065247531
8.088732227818234
7.511181076490264
6.782616175751777
5.904770215002125
8.09588543935629
6.7040287398508855
7.97082415175387
7.9280789161145435
6.659221223051552
7.434456323067787
6.999558668434717
6.545904071236688
6.07810113032348
6.918840624678497
7.163507535708579
6.974889120754493
6.6490669081560085
6.2798197493783565
7.294601958344147
6.871505132755489
6.7772748025506475
6.665379810452597
6.506607978586233
7.555231065660737
6.641399118977514
6.712762789387117
8.333379195584603
5.791238071630281
5.606308103794008
6.8899688744871455
7.786741049517674
7.502167089040302
7.595256874093346
6.616565840883753
7.8955369550127426
6.6053105530258485
7.55408392948488
6.983365540216168
7.947951189334348
7.509376665211417
7.448882564663885
7.815898279553209
7.0172167874101445
6.867544191677604
6.857322346852822
7.656431260998199
7.3032104262312965
7.673944426865769
7.844758118453745
7.969986953326553
7.7699761102204015
8.29700914129214
7.580333406550366
7.674438207043168
6.653126237853721
6.721860377839085
6.4033873176690985
8.309932765185932
8.131862289907094
7.514696939733955
8.025008895224513
6.938991616474415
6.5988753053716405
7.96395139604031
7.088628214473022
7.537502539500894
7.180877799952361
8.303039813480837
8.28891174689643
8.582039220226289
8.003097108247477
8.334479885124315
7.039147652907643
8.01941207370376
7.863263823142791
7.832099417074957
8.183475839819902
8.29553732617684
7.219708265737722
6.996871296339725
7.618293031762651
7.485103641849635
7.382953035432016
7.45783788658157
7.681333792160352
8.247627782863432
8.677643350521079
7.743442024253918
7.608173019171513
8.244384749161208
8.335406388479125
7.911699625496343
7.293743421165249
8.818596580188332
8.995718668884969
8.898824051736906
7.063278671261816
8.3605409316845
8.15232660252097
8.054445878110023
8.731930109323029
7.655827906816105
7.082898466088933
8.3900221118756
7.511862038634474
8.265123283951473
7.967529238466319
7.998116329258174
8.837527020896438
8.231245602897753
10.434105700577902
7.792738679210736
10.661776575165359
9.942462852613865
