4.1804100316499
3.730338392171073
3.3119079499508945
5.154152535953182
3.3499636653305127
5.298912967808611
3.5162721609557037
3.7546910364843042
3.531389077896038
3.690170418076902
3.7380046529953086
4.634739887941713
6.0287377744930275
3.6545363011023184
4.718659258911247
4.018034309539429
3.654103666093493
5.454719766288449
4.228973275225781
4.518072461515411
6.134850257533966
3.8652291209612053
6.469868447487857
5.255863907671927
4.688102438216
4.109013051608149
3.5973820385330844
4.052846827760558
5.141590581784035
3.896970272442309
4.379086131621009
5.270782084173714
5.971821585390485
4.726213370585409
5.057239254476109
4.150410296793604
4.702007331766897
3.887310875265077
4.68422259069133
4.35967517971698
4.533465415768411
4.162234114630879
3.976279228229262
3.5359494874771062
5.3267370427548
5.994605435004553
4.917079207332044
4.615852855928699
4.982906490784547
5.210692128785523
6.42938856079169
5.943013874296803
7.019224704965612
5.698203308082148
5.303135672279815
4.7781787572533965
5.6749018824738044
5.922050277195778
6.104285888137556
5.03904852461012
5.805471448395185
5.0278044205357615
7.0002244899082084
6.440712973680132
4.643611262559535
5.866214480127599
6.706946840125209
5.100341485974313
4.526697089860426
5.340534595078626
4.92926570259695
6.535928089415954
7.033245302130666
5.783159348437906
5.833792082309113
6.370269093277077
5.159915746089006
6.4049183738049145
6.132752419833275
4.884425273378287
4.8175371602791675
4.727485050913636
4.186243803882166
4.700564076089352
7.226356752774246
5.935480081152782
5.5503678250094435
5.050968775798806
6.381518795447718
4.447439407187105
4.534414731115657
5.193437215113198
6.043254801238829
6.83621031740136
7.120350434103672
6.707334207370646
6.503547896744373
5.77007880116561
6.197241475457716
5.142673574574289
5.875786034859381
5.913992112622761
6.112281248945838
6.170405878705866
5.4818000137775655
6.021792474902183
6.325819449740937
4.811096577705225
6.7413513563673355
6.36802224523364
6.129644398270608
7.438971538499292
5.211716163010618
6.324815475719028
6.306131874674373
6.374941314151278
5.048033794720314
5.9696918532584835
5.405614098745966
6.334364982381766
5.24776344816131
5.999020832757123
5.678168504800777
5.11431596848914
6.1189491056687935
5.992103436590508
6.679759786129814
5.902186253302817
6.645804130719835
7.532407610820485
6.231369068340901
7.306014937658599
6.893590692196975
6.414012016641575
7.026761885603241
8.004306659362369
5.522564857655532
6.986322119173649
7.460846867281859
6.503864653885289
6.660567452371078
5.886492394603724
6.805338189537727
6.169633491656612
6.215052951699686
6.855769069646744
6.691111013868364
6.12923375439146
6.673698549032373
6.0608659095750195
7.2323814455381426
7.407564554516277
6.653633440193666
6.464923819138048
6.797803765397099
6.4060054856903275
5.337612962545762
6.823072791849437
6.930409381640839
7.110535957126073
6.061119491858093
7.134692329845276
6.178056818118115
6.77028887678455
7.8749674928523685
6.413822371856979
7.271545243919194
7.178077169986606
6.637125966492045
5.995747015732071
7.501573951498756
5.806426189149751
6.747278433506549
7.616127430481189
7.8046685492540755
6.34299902025087
8.111735454666078
7.315233032080803
6.80533637100749
6.013504662950312
8.035464392960412
6.72182004598881
7.820779271695409
7.960411196384081
6.6758020540737135
7.347568665383507
6.9905194288448325
6.560893853115171
6.098067200494331
6.8915394189021635
7.131127861039872
6.872382670281114
6.6136717264937435
6.2437623880358775
7.3034129856988415
6.822645458551747
6.751523046373544
6.641172562762943
6.5618327863223485
7.535161684798846
6.644845532824956
6.705514948552021
8.322330682407292
5.819409448948804
5.665604036028732
6.886647947701627
7.717689042938009
7.470811490373412
7.611629679949843
6.643574545925331
7.894266280854737
6.611202273766603
7.6410703807909135
7.011056275982549
7.9494696547267045
7.5173120672911065
7.410981193345008
7.873709129298909
7.0593560335537315
6.922752950813423
6.82196361897066
7.6787111732977245
7.164491336230718
7.644978364191922
7.841363951338172
7.9612722423394775
7.768754796023661
8.298826461075842
7.544050056866176
7.673992887448992
6.706786399317366
6.750864058377388
6.65533560148025
8.343630401397498
8.136149561921133
7.4619254226755185
8.048737083021944
6.908648601071915
6.606373692097664
7.9071448837470095
7.077611635359295
7.497392115141299
7.180425293384024
8.2218985241816
8.31144596578088
8.536001022552856
8.014421165655
8.392244924560543
7.004575728792862
8.01196428614225
7.894183959334874
7.903493748175068
8.153112506062133
8.30479237502167
7.305902660131451
6.9827166281570925
7.673020028114571
7.4893032841341505
7.394192467594681
7.495662343150393
7.658586981253578
8.237328786523072
8.62620221895575
7.7333346253353135
7.576592485069643
8.140317513173645
8.29721825618146
7.868247805464889
7.323280279364191
8.735713960011358
8.960770663946494
8.869217193777388
7.063168026603192
8.313400956867781
8.218023963162253
8.0247156517128
8.812741336571875
7.6329688534305715
7.076238338013882
8.440670256175473
7.521578089917845
8.312943169254005
8.15726279297047
8.079939824862352
8.870511713094984
8.223463665549493
10.448057006443607
7.852467375871285
10.750837540398981
9.888170899381816
