4.216022687464601
3.8888477051430312
3.3260918356590405
5.176612159801323
3.3498297360888625
5.304695628450293
3.513641349561837
3.8267097064160414
3.4385824193010737
3.8043273021822666
3.725566277395746
4.569046948565729
6.006357695493897
3.6308135135907866
4.757232485104799
4.010297060743605
3.6151891982360937
5.434596407746547
4.197947532903671
4.48050148886089
6.177657545466577
3.949859990937201
6.439059533153166
5.248149466042566
4.827972421808104
4.107210792409343
3.595228572816669
4.0325872798622875
5.220047353299638
3.8517827805355322
4.468562522820368
5.275628410465155
5.9606390276626
4.8089769325555185
5.059648920546524
4.126533607422073
4.695838925302766
3.938624570950082
4.702821038385863
4.386001987601752
4.48297675960835
4.230824560384732
4.003747236831238
3.5464825178258708
5.248818589594585
5.980941588331289
4.950192656605845
4.577890419291835
4.952386110590098
5.203315370565109
6.441941857793308
5.97008274324974
6.97527409212222
5.723164610021648
5.375456981933304
4.7576545285512895
5.6254522513213825
5.8438413656974575
6.114570260656318
5.040449967220459
5.915654686635941
5.036914198404155
6.862903793903657
6.471494050722635
4.629630459895729
5.864009523459613
6.743478880008617
5.074996280094794
4.50674464789017
5.364664454674317
4.903062457124616
6.537813472886576
7.019916314433294
5.74021644074601
5.822552510753968
6.332157227434603
5.1553752828272925
6.38652329427929
6.165766441351764
4.89099953166404
4.8803691411722525
4.798178439455978
4.236251488211279
4.745556913148141
7.1841591292376865
5.998484365092768
5.529483543690851
5.036354171483909
6.355788721758749
4.425742049763741
4.480351222252107
5.2508279396815105
6.071659391806399
6.756519994969127
7.160974037084586
6.7662862000923525
6.549638547563517
5.894734549450872
6.193988066749023
5.136613995847172
5.836644973973989
5.897044946463541
6.118372309047446
6.258121191787174
5.489799628236369
6.0583829776292095
6.323399424571901
4.734159228281413
6.7469250668025555
6.358458684997901
5.947797006269752
7.442510284258489
5.222108742440588
6.243163256450816
6.308914721054647
6.378442414549058
5.008074835718136
5.989951639539536
5.4401218624956496
6.294856854492091
5.226433337511869
6.103918077706915
5.691373786555026
5.15290091885373
6.227970916993339
5.980323897067803
6.590130099302447
5.876546823295382
6.559503570314533
7.612778528667214
6.194406130362548
7.273085777400334
6.900077043557552
6.424458075291874
7.043171564829569
7.989349528255131
5.454714176528443
6.988987366901506
7.487496167430766
6.450922181085398
6.6490884068284295
5.928223462811324
6.818926051418167
6.222685202576768
6.262392893831337
6.881473358537439
6.644943950751242
6.124920799211701
6.644535461205219
6.037462288059533
7.197176969567601
7.426415243400729
6.617523412193002
6.52464614307636
6.7674318131475
6.4164709902342585
5.354510938137313
6.782282820384701
6.948513097119417
7.1408965187549995
6.033576373278448
7.117668572303069
6.175228208106274
6.767420538038902
7.921550305879304
6.448158823246603
7.3198137634811875
7.233939772151627
6.611411521900461
6.006020844327341
7.518182186631044
5.678945813582207
6.734175778524548
7.573967626326388
7.76670004399236
6.390326840503741
8.067008460894556
7.475567632027712
6.815738560297706
5.929610814045577
8.0351417397358
6.702458342178298
7.872064844062082
7.924727910959234
6.651725594512346
7.4139485388312
6.999464893496018
6.566523749800579
6.082028265975902
6.958895834624568
7.157271507129671
6.921831643230636
6.653218334007171
6.324708985534149
7.291539084234566
6.825546966715807
6.769307966583636
6.686569796630498
6.510366207396965
7.53489082654937
6.669841334044323
6.719215999517321
8.312095621195983
5.7998378488270586
5.622520778311291
6.812151203498504
7.731310017454386
7.447952336099961
7.511714358202684
6.617665382521151
7.870330453379417
6.63023260125034
7.605760147315909
7.059238074048153
7.966752370609338
7.526660269977968
7.445505858452345
7.871517902650867
7.049318922217469
6.872856917370267
6.822801361991646
7.668638780685889
7.217406278126157
7.721451251145423
7.870298823924937
7.969238209053352
7.812990284350522
8.308605034421094
7.505963934677679
7.684871386095307
6.668377822640334
6.731268408691837
6.39724549780051
8.302789864844462
8.127831403258602
7.533299532352498
8.028342236690786
6.9821250002768425
6.627857950973749
7.947455755043937
7.105017671183507
7.540635436373471
7.187206934590101
8.32226194871302
8.339230415254839
8.558919075684505
8.026853824799081
8.337625582325288
7.009439948860724
8.015437683226128
7.8741288866010235
7.823896983611483
8.148247411346706
8.314810024789379
7.271027994912439
6.99839528638423
7.690787604576373
7.430812930448626
7.39227791558348
7.486614211505421
7.64942643124207
8.247515617711157
8.636029586874862
7.740794889324899
7.612742571936051
8.167340096777922
8.34846035571936
7.894567003137059
7.325599436100828
8.776315421431672
9.00557938399595
8.957994308954378
7.100830650862442
8.344888114130427
8.18668071045765
8.109440012065287
8.68590902288447
7.60888613541221
7.130265826870909
8.390190893383783
7.544768163959219
8.324544559288213
7.980201575869756
8.080907990988734
8.816619069270537
8.282111838050014
10.471457890891676
7.806253615708334
10.6502199078745
9.989558720960565
