4.2782601740663315
3.876821529833264
3.310601819673179
5.1393792463597485
3.389611633444366
5.272382628940383
3.493269820562886
3.8499334518113475
3.421585118873714
3.78463466993653
3.683208768010953
4.605877054808611
5.983976113762215
3.644845218338063
4.782755693080025
4.000233735237698
3.6615391914052458
5.4097673819567635
4.217238029699143
4.529460507748935
6.220569438141311
3.8986517278018686
6.478147143289123
5.22238394425744
4.790852411643316
4.112996578431739
3.551310334031842
4.1026916960819255
5.172480284623411
3.8590076749989866
4.420989069123325
5.290992931432376
6.009735078961736
4.772117224360846
5.117193637196556
4.172686970644213
4.722683376715907
3.9493687720172095
4.732195926966655
4.380898395661205
4.517944803496286
4.1709823738301015
4.071328398680299
3.5576475866999493
5.222836974556781
5.8576997735613805
4.970200183115591
4.5583344039182325
4.973220185599262
5.21720085621199
6.492348569497214
5.960212082094136
7.071463483279915
5.733198232314846
5.379727207824999
4.826746403193784
5.636006240513924
5.8891611570958275
6.099190405929902
5.030514082955674
5.924663771765522
5.0173031256121
6.9257591689021085
6.485922926076724
4.576928502672649
5.856196233315311
6.675953469054797
5.096289610694552
4.567323148878196
5.331886435270572
4.899513647083902
6.524664177046316
6.9837333430097
5.787472914732556
5.799360459626834
6.383261450806701
5.126401799385469
6.340081898430793
6.145728260721813
4.871801359294456
4.85651811272974
4.769487342946984
4.246298523161223
4.707845330963515
7.172647642824826
6.026737759682792
5.532816520356528
5.066444184331355
6.382823682177601
4.474006614248282
4.437475730095855
5.272268433421841
6.042903347855827
6.778274532240598
7.229801488826407
6.732951912428198
6.537503286248175
5.8374702951242625
6.176327816552497
5.146032895095986
5.849271973750167
5.894311902662104
6.103762154301474
6.191442045298176
5.488842031563622
6.033323417483918
6.368943138562452
4.7307749511855945
6.748910501467591
6.37084154680322
5.98035287330622
7.4563332416142245
5.231915303278539
6.283268538641152
6.3422110915443435
6.400061582954965
5.042944071259461
6.013606979294648
5.468089664696334
6.327132916913257
5.276150192650679
6.104702795671884
5.684632898270927
5.155986423303178
6.200824878206568
5.980033771331314
6.626818855606516
5.920966713696974
6.593867636455159
7.649723232086343
6.152595662002284
7.303053236608177
6.865568705503314
6.412060664930266
7.092074738508673
8.007684523973895
5.416318116396351
6.975589591512354
7.510794716262392
6.404925251128017
6.674776408963364
5.89855803661442
6.80398432426243
6.23518552479184
6.260588561401606
6.885122076476122
6.650199230220537
6.156436368574491
6.631100999443348
6.031913936036501
7.151753397472235
7.361451234893252
6.589033297422644
6.510433682391097
6.786632849237023
6.409537447224669
5.325596092548096
6.795941306235459
6.915308968369809
7.176332301372426
6.029895915055095
7.1021488602994065
6.205692875836494
6.739146012310124
7.917195566611499
6.391837718728121
7.263319983652846
7.135432944999684
6.5982470978648164
6.007294803585523
7.509975420999449
5.711505313979563
6.751528401363182
7.604683015716484
7.742530189455943
6.35246055671143
8.10640329636496
7.424631488767419
6.814730294915728
5.990990305904441
8.067982641036458
6.746873588755185
7.9388805588624685
7.942445439475914
6.634342004632259
7.470957159459971
6.983200706832946
6.532421475273428
6.046663316585299
6.956561360051937
7.1290424809337445
6.931108370491311
6.62231196872794
6.279300564734166
7.252487727655318
6.843929070609855
6.777316666454356
6.637945357056459
6.552204794513516
7.499964005532536
6.6126979333782625
6.708647118219943
8.295864721876212
5.857533876572105
5.623656048008074
6.850655213963803
7.7319113761397125
7.5024952774856635
7.638443159275061
6.615929082555475
7.846116658596101
6.644584283398988
7.604273878780624
6.980106535390707
7.957901041953935
7.507286356441547
7.42610029803599
7.850927997248686
7.094349385602401
6.862974979402094
6.833406135445644
7.6358261446627
7.275859385227385
7.673672357151098
7.875862248726936
7.975631847893811
7.825114327965844
8.280991330312538
7.581876547304348
7.637494565563736
6.642607464809945
6.729653641668561
6.377076893552289
8.311641662164254
8.15186924924442
7.493786123063902
8.040602087475136
6.9184542703729965
6.636575335340083
7.937555426530256
7.03603750661183
7.524831785810857
7.198688880873485
8.309921808975929
8.340590435141454
8.523364280451414
8.014046215156649
8.424372678580454
7.010524081669008
8.012283634541607
7.882521137582777
7.828279330958912
8.15516688934677
8.313321472586129
7.250034909508152
7.013709700599394
7.6520814997665845
7.481732256907402
7.36013223531333
7.464516170080735
7.661979455968738
8.272532329139416
8.634849619591964
7.6422999330066474
7.6594066827337715
8.158049351568057
8.382228468553954
7.888129329680362
7.324111155013606
8.761485010793608
8.982228701702894
8.928975453554123
7.079469598279383
8.395765028247169
8.226621495576312
8.068788515632193
8.671761883052737
7.5942800051762145
7.106038955663141
8.402747213390427
7.507525503254083
8.25216791268797
8.011122387397965
8.06760934186272
8.868377431937073
8.248976768006276
10.452152333525557
7.821897880286951
10.641585440590285
9.880141994798155
