4.233032965909189
3.8600647112666664
3.327801375214303
5.158894633472681
3.3765236677358255
5.286725987315469
3.4543344868226455
3.849011819574108
3.433084816544197
3.852556895931465
3.7190227544076264
4.6329146704750865
6.015624091347915
3.5517788726720676
4.777713305985806
4.017001267653658
3.6880851674838753
5.387249368025608
4.213369186921913
4.409858483716468
6.217568493422478
3.900867496136358
6.521109158144139
5.228003510403966
4.79439425269117
4.110710504963441
3.567390250105027
4.047186566108023
5.1524046110078014
3.905603818354294
4.42736116416232
5.292668174747943
5.980061824991899
4.679308502034795
5.158923895488148
4.130345765884764
4.681088555333188
3.941152748491186
4.725936719504289
4.4012084925900155
4.5414788028936375
4.177378814489342
4.066541319136254
3.551903567761387
5.27457141118853
5.966842057562854
4.933157032847666
4.562416481757268
4.940368197439998
5.225852177162675
6.415912880107982
5.945150827177858
7.02075691846095
5.7113853730395014
5.394313641409418
4.839187053597145
5.651378916697642
5.8831673520388215
6.128186401005824
5.020716023172982
5.859006201092086
5.030733919173262
6.944525535306266
6.455575418194995
4.68078567973042
5.859735814464782
6.701519023743931
5.028001741150314
4.54038601314462
5.32093154350611
4.905979830336221
6.530300216306831
6.991721962412979
5.783310516494476
5.7956616333428945
6.355779514230351
5.195189511946939
6.3783477994641125
6.115445403331957
4.832852451543829
4.858568573196266
4.785285806808249
4.230968403365102
4.746261276365145
7.232068866917324
6.070340201506802
5.517402546176465
5.055451503676721
6.366236777700703
4.419258200905047
4.500972167671059
5.258395778757686
6.069770250269302
6.792386980859938
7.165309403545256
6.796324892599243
6.523406518184736
5.843505605687511
6.160943958027312
5.154400041900432
5.771588900940092
5.8931438138438175
6.123724200025305
6.224713817160271
5.440526896604823
6.031993725203094
6.35063498583083
4.818411641647851
6.758946028398577
6.398793346397198
5.9509607427038524
7.4268447331667575
5.208178107206873
6.306677371498255
6.337841545307537
6.390613046149541
5.0228509476121825
6.012751578145318
5.459060998230491
6.336965077469609
5.225097528150161
6.079745272624427
5.656444777518584
5.155748754577422
6.168879347520738
5.995381676629787
6.633644669798448
5.8749686196028
6.622137401621175
7.700944741302568
6.156014533889737
7.229196733308413
6.908103339755194
6.369121808016861
7.05810945296269
7.996325782652639
5.4345637012319195
6.922262190613457
7.517514485260951
6.440067949970235
6.6321968321271285
5.910398893532905
6.841182565031579
6.297519538951079
6.205328426943458
6.932819402616535
6.564702120434475
6.129613095488554
6.609326456457467
6.033345567087011
7.1450845246110894
7.450555385658327
6.592137008201581
6.52929147207284
6.766941404334402
6.422651429391627
5.333130713162413
6.754116162819954
6.9911029477827515
7.13671766034021
6.053527793206973
7.090799764725807
6.193823079858239
6.730693088277862
7.9229831524391905
6.412923739321716
7.28802039741343
7.141325613229876
6.576425451923745
5.9804929767504795
7.474984986407129
5.717079727231782
6.731926079721845
7.575596157412546
7.7520809832381055
6.297008651523834
8.082696541763713
7.471766132422065
6.795999238695134
5.975389827819413
8.051953559271766
6.70157024065926
7.893170530287995
7.981004291893959
6.661962709285338
7.45767209452882
7.010233662303838
6.563577073836317
6.118293651735005
6.929827996151985
7.124495018322341
6.9122146012811845
6.675829430907916
6.297017962090342
7.2917186649314925
6.854492861038901
6.812791026172022
6.688186069110044
6.517189918014605
7.51934025089751
6.591462306440064
6.701556883710005
8.361676944210856
5.855620418316493
5.591329374470636
6.872329200952948
7.754967913409512
7.458380151795906
7.601671935540332
6.586491673889498
7.867298079090415
6.622493731308493
7.645774237870475
7.006336891321999
7.985116799098126
7.529890058455853
7.384952762492411
7.839617425179522
7.056874694145938
6.8576274916018605
6.903027822965251
7.685012757332966
7.195639276059087
7.712552751020463
7.83114179141345
7.961716363351012
7.800530318907783
8.313366710940315
7.589874452373083
7.649106966767634
6.636504868978032
6.654477734414761
6.419191214361026
8.285118759762756
8.14012286114961
7.486575981507205
8.042114848665232
6.950590005669414
6.596146052573091
8.01554529171193
7.070024033748901
7.491303750783189
7.10736029765114
8.367146207389922
8.242216892535588
8.532999851618463
8.010997086714001
8.370539799148624
6.953441392604233
8.041573104568855
7.908703803966947
7.839288427919627
8.190077925745467
8.285918859549433
7.262062562071276
7.003441518994093
7.6914942863599265
7.486722952884527
7.360959064183733
7.473070562256783
7.677965980440102
8.246752398942581
8.684089917180437
7.697332705143426
7.633737410120915
8.163355073155078
8.312435948282205
7.85297430948197
7.3822246647446
8.788147126229036
8.964309104388011
8.891626426913824
7.01513107844764
8.323373905635943
8.200401245013824
8.108854041314654
8.716059337353931
7.632047693882797
7.122104584561412
8.426264326577478
7.574896938260377
8.254325883684926
7.980726535255072
8.01657128861844
8.831427508132869
8.229645035595059
10.47820584739877
7.893935276591658
10.60377734503363
9.938415487216858
