4.21235189754967
3.857662823957382
3.3128531185660837
5.167269860134439
3.363766877499712
5.308612006471501
3.569284896058088
3.8479355386399003
3.4919305091111346
3.7949318039677733
3.6978876376925416
4.625920842955162
6.03314921718945
3.67843602992898
4.729032502624786
4.070164387753919
3.6394430678211753
5.419106917330257
4.190933423314962
4.503621805511264
6.176914505144642
3.943433808522611
6.493224129808556
5.23160053920082
4.826216477519232
4.061774143667675
3.5713443105364497
4.0486608929446835
5.1797113798933365
3.8800204909007965
4.476326041376417
5.297192466430618
6.005702670850299
4.721125477569277
5.046697810278008
4.128995408791344
4.7416687968146025
3.959296393584772
4.702778283639284
4.379409612613137
4.574392846593743
4.167257640453579
4.087025570421668
3.5560455424501862
5.277472162148115
5.967783677839176
4.984766890970022
4.571771161583394
5.010485306213788
5.196719321911271
6.435826625769091
5.939683823188271
7.053710304101021
5.6511010998165965
5.399569233488625
4.845772292208255
5.65652392884665
5.902721040184016
6.093245626094942
5.023985191038758
5.9031485380014175
5.0342992043576285
6.925674881540228
6.429873275122032
4.60437561546283
5.831404007914246
6.709126276335624
5.07470797959839
4.558916197538952
5.409562076164262
4.8945198592448
6.536337065616572
6.97831685432307
5.801189826766228
5.812600472342998
6.3381453647428705
5.137749578767734
6.337852009100642
6.078142804349609
4.871692766638507
4.83379386004496
4.763944481223347
4.260186184871652
4.730549010243733
7.206680206883511
6.042471475712282
5.543228658185841
5.04150770885291
6.370207866629979
4.439914166927977
4.4918329769736705
5.251745573923891
6.114674540012695
6.74198802242646
7.187081204020001
6.718052470599526
6.557957515909521
5.829018953535243
6.179449348977586
5.125578488805807
5.8128044801377765
5.911387219098099
6.086889165182739
6.186297521829834
5.455695638473977
6.044542226027696
6.350094270856577
4.725835086000348
6.813313953499177
6.391438445268742
5.9489785206854044
7.4920206644726335
5.223452127775081
6.353209112381886
6.31233745400645
6.4182631727637265
5.0152488907420025
5.963486329016696
5.455683777512501
6.34678598340024
5.2499412789415185
6.050571403952592
5.638264273842399
5.146848885576064
6.153297467460257
5.974660236439666
6.623323092192008
5.907971295333237
6.5837707604003635
7.682250224913878
6.209075760314961
7.27786770963243
6.806118116921066
6.418037391504168
7.0455101530506985
8.00145006495649
5.4357265742287275
6.946412037706725
7.498314671213426
6.455971798510285
6.639655483279205
5.924873720849901
6.816607408269883
6.258338597411801
6.181958449816431
6.891608344229525
6.619831488738646
6.131338596382609
6.66499053237267
6.0703577077205235
7.164075174573319
7.428785058820015
6.604496939641262
6.502312910206183
6.7740795059872525
6.395848623360549
5.384407189833684
6.802326174113061
6.9557651262218005
7.146521894877951
6.007961122680133
7.134231142291899
6.118824527998571
6.764343793208532
7.862564861704435
6.449982977684865
7.31494051537438
7.145479912236022
6.607128892130923
5.991327572621588
7.492255957463558
5.711764954920967
6.733714827111445
7.5948334042773835
7.797844601067325
6.370391782886632
8.120726696021482
7.45621916038067
6.818833078698903
6.030707761985097
8.006376453719703
6.716980126758599
7.8513380529978
7.943075126943174
6.640397321081041
7.422330852627754
6.969540542837307
6.571114785846735
6.090471183710029
6.923272544938243
7.170317871727909
6.89820884431861
6.644655155650655
6.245993550007604
7.30061003023153
6.870471212430244
6.807685605531304
6.672883629484355
6.518122184289597
7.5151426386306746
6.637222779341087
6.767129232792893
8.318332957761939
5.841046640649895
5.632976979457474
6.840934910452617
7.791705013299335
7.4733598866232995
7.645319430220448
6.660556562595827
7.895444182439684
6.637481852898336
7.637157784713747
6.950396841780203
7.937618926553575
7.5283404584652285
7.4347907071382
7.850423365199048
7.0515560085458855
6.890251010442304
6.89267777927998
7.646832115553173
7.226425396099009
7.7328150216421
7.85283816109959
7.992907754624638
7.823373292563627
8.310645914139144
7.602068471169467
7.695071157722908
6.626977123303556
6.744675984848024
6.439623737754075
8.282243101480876
8.145132369379574
7.446387465620562
8.041083060677988
6.970374677190076
6.6708184900102765
7.937390113602377
7.066331126369464
7.532622328721706
7.159384791690609
8.321942159879601
8.337047060809358
8.525849252626806
8.020886885702199
8.394814666439993
7.012624479197493
7.98475574469089
7.889980085495475
7.803525207619573
8.190090778171186
8.30509736217362
7.239038368288558
6.979802164994787
7.647627727985667
7.482142358957196
7.328915207451597
7.489406867583629
7.658835007859709
8.232093536949467
8.64198160042774
7.6669342129983695
7.661771604158723
8.1941351703185
8.352070340510055
7.882579318267818
7.250586836898263
8.74985563093993
8.967981950369863
8.885154123398465
7.113535866845444
8.338697006710102
8.234612396932109
8.118112422701532
8.636097637148957
7.598873368988103
7.1193401799360565
8.36503353223753
7.556122653138155
8.29996395305
8.044666329786574
8.04922613464456
8.785786127147825
8.292430514345071
10.455198633413737
7.816572340738473
10.638415430430799
9.971915680060379
