4.251270998610957
3.8489675838101967
3.33763587399155
5.193114542223615
3.400736644529199
5.2931069505338675
3.522452921724354
3.8454772879895227
3.483170656629336
3.8012534983963295
3.7182200352057393
4.615849808593721
6.015459920901454
3.648033812825136
4.727999089660054
3.99594017623589
3.6086541702237556
5.416383941014242
4.195278519139
4.482066360908757
6.137369194201106
3.8701258840240946
6.44249991949999
5.231662920468947
4.776758832205756
4.103708904061837
3.5996794653667683
4.0782423179329825
5.191992624402262
3.914292571617163
4.465299943289818
5.279540624094305
6.004202601433451
4.769097590314706
5.0954488596939305
4.147428982941058
4.7380079949279
3.9505779328130224
4.673393885586237
4.388361876609464
4.526041592953595
4.146456947677308
4.048677486464822
3.5625572976587137
5.284134797813059
5.967541239088234
4.949034227092049
4.631940715451106
4.926794403985307
5.176926595114296
6.4524418283188325
5.927626241146724
7.097863481909586
5.705193919182395
5.387487403719984
4.854197634892383
5.678026711498967
5.903109107836946
6.082576789420168
5.056219377292091
5.911372660709729
4.990815394047248
6.911584769816608
6.507628783221602
4.513671776773185
5.816913399808906
6.741905871052933
5.100523254262612
4.54518993353067
5.411704612271613
4.898243787620996
6.511344120257102
7.009467409996177
5.805106855152355
5.8227750223866455
6.340301812109225
5.1377171152005054
6.337295610369382
6.124977931759844
4.8718114749549635
4.85751103739724
4.772460560159383
4.2277279042600036
4.762252093300252
7.198714379954639
5.998002485859686
5.529801771897238
5.024727477960452
6.323032090043639
4.448021266749966
4.498368304861339
5.2287991009279695
6.09117213245628
6.749874370550877
7.195645068707102
6.732954576592817
6.488757133321453
5.8439217867530555
6.193000614174526
5.133011506728681
5.7830143339856654
5.91330657496106
6.113889254231841
6.2265175938344
5.504225523037091
6.017198893346084
6.36488874590011
4.684047152070784
6.810052075857913
6.352712265273727
5.991960806366404
7.429985740227917
5.24315177712981
6.2347429857281575
6.356187236269381
6.36501665625825
5.061411225272719
6.034136608326822
5.450907006618662
6.317650271634448
5.206115355152562
6.044007769067638
5.661941606514524
5.100945191038818
6.153481876943895
5.962939776868275
6.636588377767407
5.877442380172434
6.629304163900173
7.617054278273114
6.185859417941806
7.311112190778271
6.909562984551082
6.392837974709104
7.079505073205846
8.031359586273688
5.47707809004587
6.974709775847589
7.4858795101972335
6.462993409943015
6.6376003300485165
5.903144411430258
6.768327488396917
6.2219265561717165
6.165627659972538
6.892053057422778
6.626484697905569
6.1265079205228075
6.631261168863276
5.9999825350554765
7.173751959459064
7.416486624568763
6.6136848633194045
6.52804615303926
6.742464604491825
6.418547806808974
5.369374929425518
6.807854274946383
6.9710846011707055
7.121110359157668
6.043339107505174
7.139567492614386
6.148641704925236
6.75661070665819
7.884799863027649
6.44556148538528
7.261620319495421
7.1775081707004595
6.625501562022782
5.950502209174308
7.454941898464517
5.745058132047525
6.712675823497852
7.562743315700283
7.7434606496489256
6.336126641872047
8.070535166017976
7.496991575595683
6.778790108973462
5.948061569183008
8.051501270032695
6.7304650405024695
7.85198174726361
7.9032260166797155
6.6442192031244325
7.454247889027281
6.981455828910673
6.569851096527072
6.092334181849611
6.958551859750773
7.184894680085861
6.939036806089735
6.6763601235986325
6.274550116700522
7.284964815844457
6.864894340681591
6.779370123423851
6.679950121973231
6.528597405179897
7.5209038099016166
6.66823974337926
6.649692660343282
8.308287775592543
5.834903733308741
5.626633790643691
6.880317419948773
7.745535796159969
7.447493675878606
7.622967170784635
6.611224917047674
7.892126763421086
6.606887961549708
7.658898378672675
6.982902298658443
7.966456621728943
7.549957273253696
7.392318515070685
7.897582580722982
7.078954838526942
6.81080604752046
6.80580987113722
7.645855164785037
7.242887661192327
7.712649092762275
7.853406501968125
7.976594895975216
7.812887974301281
8.259229444882887
7.605558785099586
7.67518944390764
6.638307691678629
6.688262993647849
6.4235395747160045
8.292927181369432
8.143442393700465
7.523252472234919
8.030150107315816
6.947369740876556
6.669843327444903
7.920522631846584
7.082008701519992
7.5800747453654935
7.1431810258393895
8.317253615329868
8.296882587451694
8.496900955869812
8.016986109133262
8.372486645063741
6.973069031219643
7.994371815879791
7.884870100621987
7.885797397441271
8.184204018608302
8.275981277336824
7.265714069224517
7.0024062192700285
7.650468565527247
7.510978020556131
7.3690387696541135
7.4892645473432005
7.724809490350481
8.212824425705456
8.703042610401411
7.7113927439017385
7.613599899238249
8.159315753923842
8.324635785908242
7.897271998295773
7.328072698330166
8.823345345197549
8.968806483805663
8.901143103975553
7.092910350381027
8.345010877915334
8.223929939146853
8.162586872650223
8.745753133261353
7.637554083138185
7.145866209370327
8.375309512637553
7.575934890670029
8.2480710561933
8.006729907856265
8.027143071431645
8.814206525421513
8.261229233331997
10.464265108025137
7.833759314590612
10.616944239469506
9.974099509775272
