4.269577708777171
3.7943204017281023
3.323006515137373
5.166609667430245
3.415210900210541
5.2606643553416195
3.4566111074407155
3.792761893431605
3.5325497101864505
3.7135817209457795
3.725508646306546
4.633358340872996
5.921906812655342
3.694707669934412
4.711283858564908
3.954076684668843
3.659933911707812
5.4057608599077795
4.236777299743002
4.482814581955528
6.178552726454971
3.8279703762260424
6.398372210700688
5.235111946455097
4.676568940629929
4.08052313092219
3.597991254332809
4.14945865710232
5.137171083736606
3.880485029191084
4.37284146114723
5.280583127344064
5.941089859613588
4.799078235073041
5.082953775068796
4.15124192341017
4.719950569528569
3.890653073115212
4.680441469729673
4.377005896087664
4.543638574843918
4.147423745910715
4.011051454985442
3.5708806560362847
5.297980351881271
5.884096355216744
4.8804530450887444
4.567775798284345
4.902141208603352
5.202276821468551
6.4693189122816115
5.9913614129529815
7.04048584863939
5.706720263197472
5.35207349627558
4.832112969788801
5.602623379985518
5.874741802260431
6.110952202232416
5.033252357271736
5.874866206250306
5.022466463754773
6.922346900343826
6.53140270457853
4.643543518698133
5.8029687544848265
6.63301903629842
5.1450457580083055
4.548202773796959
5.394645115620989
4.934171754383066
6.477860775082591
7.035433170549333
5.778430411047654
5.8134146766179455
6.314170804757744
5.13761123271688
6.369167093086863
6.13728402620883
4.966163418458304
4.859880626776079
4.759073148094795
4.167668866853599
4.758989404260134
7.1264456943789005
5.954952932873656
5.5640847238959985
5.1031243447003405
6.359222203122326
4.453988382015168
4.498409253886079
5.304345085643831
6.03382135231468
6.805077188397208
7.12012204544899
6.748065773038318
6.505754123080513
5.811366939629354
6.19935600103868
5.110446067304622
5.829710891684702
5.906248831756245
6.088439751665678
6.2193369054179835
5.510309105193526
6.060091926673429
6.330738861675755
4.836656210891981
6.718926449801044
6.40373428355895
6.133996987938685
7.42987948433591
5.2449055876355875
6.273543981300107
6.319309568720096
6.3844780598680515
4.999435859125857
6.009396326886929
5.421026099357878
6.360388482051341
5.230186647601087
6.084584418985268
5.673027356644119
5.1795541372634375
6.091953911392272
5.980807901668009
6.6478631302640245
5.876534370314593
6.595573881295138
7.587872486142782
6.197884120583829
7.2944322850289485
6.850616963757394
6.403094247461385
7.066884466543263
7.988919698095394
5.5019511554642815
6.951680811686754
7.518544181417269
6.461998130255402
6.6475000819731
5.8976392448766894
6.777266615895462
6.1178292436777095
6.21411205300422
6.872911613516257
6.598627641621638
6.111471976117818
6.7207610727806015
6.044217361697514
7.180771699542621
7.474278701514845
6.566451607429885
6.480909662229209
6.812611012769003
6.4266940346323755
5.3391117482323045
6.811342750988423
6.944723605028888
7.152311511319435
6.032125802806677
7.097381964477673
6.155648054545169
6.853204217351928
7.881968550072809
6.4353882667091895
7.260120097442188
7.147298896293461
6.61108899935386
5.995530040288026
7.488237212379149
5.746603471332225
6.727902696523977
7.584349169232609
7.753452521164274
6.279504621897749
8.096404180161645
7.307831220800598
6.830767411472657
6.031270444819753
8.000676448225967
6.7272310046164545
7.846354368799795
7.979545284481861
6.669965928830411
7.354616526058043
6.96689308720997
6.520149266368645
6.101091380617296
6.904560878385746
7.181479709835623
6.89655059109228
6.60734866719017
6.180320938341152
7.291128060661974
6.819182999026933
6.8271973500749095
6.630947793796498
6.596741210791828
7.5185978270162686
6.601913711454673
6.749979411016602
8.333215150153253
5.87586183941732
5.697443036911727
6.883698569667635
7.741407860261367
7.461526487208949
7.643054788172014
6.576636366283302
7.868862680521847
6.618300559885295
7.546128073258176
7.0377206362447104
7.925401761841819
7.574102781144042
7.345386796727867
7.857499165675145
7.054030183880183
6.816823741397687
6.798446738907565
7.642474860382023
7.226171419516167
7.6734635957675685
7.910549999442895
7.975211487675139
7.752311222877884
8.267452947334974
7.60201592567768
7.662061750290524
6.687186811382244
6.706513543405832
6.704810506089281
8.259621956398203
8.17758077172405
7.4771423085559725
7.985186510032461
6.950049231658347
6.649596026979881
7.935906283366394
7.046422262076075
7.51554160066083
7.106495502389947
8.255674804155465
8.31449101506685
8.543984757603049
8.053425545145904
8.327807613727275
6.988497644202965
7.9860305220028245
7.889683117261109
7.888872213222852
8.174653232917473
8.272514351620504
7.280865764926628
6.99526584544379
7.625465148869195
7.503315213249789
7.41073418943278
7.461972931259318
7.674954886278037
8.258444637716565
8.617138427522876
7.763311979917722
7.683179854327264
8.169473867186749
8.332328268440023
7.882260241066512
7.248702935072699
8.75882242862717
8.996171453280077
8.860461747023656
7.010702831240058
8.332923890449862
8.220401336350662
8.078051874757389
8.761874129976725
7.633936610677043
7.069687450102479
8.431282968246883
7.562278032978037
8.262725243134463
8.222300927900047
8.04142036507276
8.866858499822253
8.293765740141339
10.477634238372191
7.7852030254422715
10.799398292762682
9.969656462810319
