4.251907308432395
3.819463547980366
3.334043153750713
5.196796552853238
3.357693364686659
5.267045979854936
3.4998576961684895
3.806518029306168
3.456866058467308
3.6549373041639335
3.70443870602073
4.61317263410184
5.987014961078657
3.616991926059006
4.746322650660822
4.046672215917303
3.699661732343338
5.401096018573519
4.195303557747921
4.39106481220727
6.148156288810238
3.804761065421975
6.546110288376154
5.265256263986506
4.703392650513747
4.123890795546345
3.5759109922857633
4.0403177758104105
5.19859269212618
3.8940304053354495
4.338121247490967
5.256203741831621
5.917117373994726
4.7469539182734195
5.056635788149328
4.157140340982703
4.732705015985762
3.896390553779785
4.672490056640424
4.40071527952508
4.5583419133050125
4.184605137180874
4.025039834477002
3.541372051758415
5.2678856532867115
5.930289028945724
4.86749854322742
4.567696903443089
4.949779446037667
5.219269662949625
6.407078852399499
5.930428888013666
7.037608461006162
5.6868444843109005
5.369363111791504
4.803319952336343
5.694147495427517
5.896678353833179
6.137681636489056
5.0457787431995715
5.915823800438788
5.031322065272358
6.917578647690323
6.485920420087623
4.654122870993298
5.8560047865584774
6.731816836274268
5.159657487059844
4.548964174794631
5.374456543441404
4.944573811612374
6.502905552856453
7.006657048175449
5.773023376173179
5.794505288857682
6.2865798989561785
5.137175283903832
6.342126249166762
6.102805377196003
4.88285649734118
4.790291696487464
4.681542444699836
4.1906299290675495
4.77374328780257
7.188432495559244
5.955326885377174
5.529819200706266
5.036071021275921
6.362245814118947
4.466612321076925
4.494003065525764
5.245389668968986
6.08195382218835
6.735838432092201
7.119511922392825
6.746882079510172
6.497689582285418
5.7932852119670954
6.182874425834552
5.132558624998795
5.825455089848498
5.917408275413136
6.122490986293204
6.232370287007816
5.457068675810362
6.027336173968774
6.33529488820427
4.758676532917633
6.764299379875238
6.370925348302877
6.132778397986184
7.41980621228139
5.246102354766819
6.321900119439739
6.3472003764618234
6.416341836516375
4.974715280964393
6.00464204408339
5.44920401884936
6.297046386477295
5.214001097314126
6.0562553039454805
5.667776071421596
5.132164334522862
6.083986544194108
5.935813086026153
6.6044534301103575
5.857381980900199
6.636083774544518
7.598439919790247
6.171359321892322
7.321014368393459
6.828522845900996
6.383018429644834
7.09745063507436
8.02091339529252
5.464947655873651
6.922154066771784
7.501934780021212
6.45882212342867
6.627698086010657
5.902128845535672
6.842921468720939
6.173021129860514
6.194192245775872
6.897261443687116
6.615313604729915
6.137202263215412
6.590600710738135
6.028288276885575
7.16478403727417
7.428301436305337
6.613468943230555
6.456202615044557
6.786197243430446
6.360641369289096
5.3243049789442765
6.767629861369939
6.956329711326871
7.136645064731379
6.046347348022507
7.1045541518017385
6.14619950525898
6.7892267575407566
7.877739733185
6.3994035030996015
7.28574105412716
7.13232317560475
6.551659097508302
6.013372725128934
7.502476830370701
5.727539991757016
6.730893185643817
7.554039013307008
7.787895374054961
6.312382244629162
8.09792125312687
7.341231914627663
6.7955320194836855
5.936457036007642
8.040530007491734
6.710988160695203
7.81285339817377
7.990599355282226
6.654165918231337
7.287044370916973
6.987383018412035
6.56884748781193
6.089909271620845
6.952884407081298
7.107385986427216
6.910335523050234
6.600133747960603
6.235849232881411
7.258786967550906
6.8744359425353
6.776494336182182
6.645442557182314
6.505413898431317
7.547495801178574
6.627437043693615
6.7196277203422214
8.342374826053813
5.857373153755313
5.673172169890217
6.8920302808806575
7.749808442986346
7.494007433874708
7.605242777757665
6.591033775174299
7.864786377637293
6.623664535547328
7.655767360775323
6.994498140841654
7.920209435273165
7.534830068192424
7.441958473024817
7.876871866364627
7.074272482276395
6.880655951566181
6.848577335089569
7.666678500753612
7.169600472217223
7.670317280515349
7.843836515974372
7.972457060974525
7.790120687103881
8.235673885014531
7.565614012403089
7.648448293926872
6.721710422039546
6.68083082451818
6.67462194514526
8.316705377783816
8.138755022863707
7.504302312358373
7.993873672789375
6.979106223928332
6.644489163328092
7.919780289327359
7.125939337995167
7.482355628901503
7.1094263491219785
8.246647886441384
8.291605974240115
8.52529443136914
7.971697769291309
8.314251971440768
7.046609132544523
8.003202334040662
7.910930998622188
7.838867294134699
8.162651617178701
8.326783802247062
7.257811932674656
6.970768091337476
7.64908959390317
7.503586392627309
7.4035575011932
7.451371563002966
7.6868472969961665
8.274516142139937
8.603565879878612
7.692770855307515
7.694184512513817
8.149488428547661
8.327253547896401
7.8708378837777815
7.274027272038604
8.738161461626696
8.939789220329594
8.825642081966143
7.154172855182903
8.325413832390254
8.228335297849725
8.114914034222114
8.783172943321553
7.608541995522837
7.131055234583853
8.420655976866907
7.552965283516338
8.255024129683315
8.172526216954932
8.066683068651344
8.802412095078584
8.242467938578688
10.418715171665411
7.814859598920353
10.74338989559793
9.888163665781397
