4.299671595994845
3.8109945884514946
3.31787422814951
5.204336199388626
3.3920670614202386
5.287847149329984
3.488432410364788
3.778234937846869
3.495781152946514
3.712069952063554
3.7450382887313207
4.617749869514933
6.023499958156287
3.674515527418036
4.755487463523816
4.0033704442110505
3.6292334021931625
5.444205852616644
4.257832957871324
4.502067491956949
6.159231833496911
3.886290700260658
6.468226810613743
5.226866486209047
4.606397691499623
4.092839734265543
3.5534139230940722
4.0434183420157535
5.156732763214313
3.8876363272145897
4.34542734001856
5.33019328501792
5.918542151797064
4.688915491095974
5.200836922169042
4.180027834342525
4.671185017047961
3.9044017917511455
4.647993182404255
4.3742094563585265
4.547373258911353
4.192314267572419
4.000026615412956
3.5313989921015994
5.292826313014536
5.8637388818142036
4.861451460867874
4.5822512120536905
4.928346566546338
5.248397017515854
6.460657203941941
5.9521305203481365
7.002547072424686
5.721436142685539
5.3520406711515935
4.857787413479503
5.673342841176561
5.8767332688016545
6.159239506151975
4.997034347586148
5.924085797662649
5.051190537632967
6.824904562324219
6.525651923034964
4.608220440376986
5.880122615244712
6.683186242152658
5.057377918426628
4.571491097748327
5.307782723004442
4.9312748696666295
6.518915893587154
7.0367012778860705
5.733773171353372
5.795923723565565
6.338668617527004
5.1424643475882
6.347541956080175
6.16871064516232
4.913053582045446
4.848160118944406
4.703675867007815
4.163754081310975
4.764874952856671
7.20515043196135
5.964013176890468
5.529887012069994
5.045422612129789
6.354111768715371
4.457342118019865
4.418244949449579
5.264465334209941
6.05659788025792
6.742226546700342
7.119670482179929
6.718373225918899
6.476278999675843
5.8381815522111005
6.175119204977701
5.144637731733288
5.837608752463882
5.910752594018202
6.080364846969677
6.182411556685428
5.4221585857503065
6.057540017021022
6.339033272367086
4.771885131879518
6.737124160203629
6.38986132714413
6.101903242197036
7.456782374039085
5.269626450712225
6.288990532190907
6.3132362435140035
6.393378592301852
4.964128230099787
6.008784004179239
5.426907478177791
6.271998059376932
5.1940866876361635
6.079584504097536
5.678567667835241
5.131327295671335
6.087527931151309
6.00795685074914
6.617034297029253
5.893553026344357
6.590825342281019
7.61043523308201
6.132923333240711
7.2959688319892635
6.933004486582828
6.400771570214623
7.046706380438268
7.988614277562259
5.497116136440625
6.948292590338473
7.498058465533349
6.507558876890318
6.649132234507846
5.862559567591213
6.803527880577125
6.181174001003547
6.238853638709581
6.919340229016418
6.659844651990239
6.1848777329720335
6.666516892198899
6.053456270713075
7.165909610911851
7.410063777142593
6.635099441286737
6.494977045361926
6.761875782578254
6.420760113760722
5.357595239464784
6.799152242045103
6.930304551695466
7.136809614565131
6.023183339129381
7.110312239145095
6.156091715619185
6.735994509532871
7.877291211273458
6.3985354813791595
7.3046943608202906
7.1220669515140385
6.595012966282276
6.011338253230678
7.559038373716699
5.768073452659442
6.686527548584223
7.606662040192466
7.8011384071950065
6.365871996610936
8.063833373970624
7.3614181769332525
6.7792065862613455
5.949850556007146
8.039254267289314
6.727849654732541
7.87291156062788
8.013623752907243
6.644654078087809
7.283237856654672
6.995440403173684
6.539618674968596
6.107009382630899
6.885654004586041
7.158210250440712
6.966270237458038
6.631730240274745
6.237415917721281
7.303936989070708
6.838006898313372
6.805912210631579
6.669688880805977
6.507583317733214
7.512703782712869
6.6127494636325945
6.691412973352752
8.323427375927599
5.817248682818452
5.630904864789735
6.899499489255727
7.7121237609210604
7.433432513613148
7.576539732283928
6.580321920629865
7.84814521318386
6.595928868607718
7.645006804209201
7.023429994201491
7.913650491225779
7.532317396380837
7.434538112444064
7.854711295093143
7.003339283764186
6.8479917513951465
6.865957642551624
7.697279418395807
7.2289065071568
7.679972878480642
7.845188335716957
7.954303545143361
7.782736637027989
8.291289213485522
7.564208981975632
7.648907937089529
6.737693121685249
6.730275410519285
6.708401728501894
8.315748070680323
8.172060557802972
7.5046008654086505
8.040248829256665
6.99040348032999
6.610078933522626
7.925864032373358
7.063117441123243
7.525641908143144
7.144982864216329
8.26680687045785
8.292238203543688
8.513895886154629
8.048994180443989
8.3708916931647
6.972637566841529
7.96542172834015
7.924355487591443
7.830829702138423
8.190667823027926
8.309953435651842
7.2736056078057665
7.0002223679122295
7.590616784601055
7.444834172173914
7.437216430365179
7.434850431756878
7.672524538798662
8.220882706108359
8.621906664955809
7.791007320449499
7.654248951500726
8.145762611821233
8.329974207878651
7.9000563777779504
7.348216181887553
8.76317615552695
8.963637550242625
8.815462753652655
7.109875206624101
8.28857672318371
8.232616821877746
8.076182689507633
8.797983323508799
7.661508206966683
7.068783357487337
8.440026983728085
7.4948348921741275
8.236152182247594
8.160709571376835
8.041391873633538
8.87196317540446
8.265486043193478
10.41032251969236
7.862013846576064
10.779089626616521
9.896754644226576
