4.257018783239748
3.8386352608300007
3.334119727765759
5.115098490928808
3.359528132770813
5.189993633287967
3.482795119303004
3.7790513017880105
3.488368478558661
3.7355719751471765
3.7007482153205453
4.650684225761962
5.927234365085034
3.6107055971819246
4.751053495210987
4.011734258815094
3.6390428740088367
5.415810517736396
4.167638164112411
4.456454644538459
6.157497437564052
3.8145046897862613
6.457747674920437
5.243367577674475
4.605391881020257
4.0920334203516475
3.5599642605880386
4.083655178563511
5.210696469806404
3.892624681756112
4.36300705503961
5.319615247082503
5.957941822291497
4.7616837732322566
5.085672994929385
4.10407361802902
4.714938514688645
3.8918939767626712
4.691306227879821
4.3884256953408265
4.558355854616136
4.177739258617836
4.0340555510097875
3.5507813386535743
5.322292623523866
5.857915885992574
4.900281937466323
4.589582833932829
5.005162111324523
5.221209170774288
6.4651976815048275
5.965352544484071
7.073425411416725
5.722048013284342
5.388411590244463
4.812601338806443
5.700957188091513
5.901417311704849
6.1065793948318605
5.058120476130087
5.967055401113383
5.026534157861727
6.884429094443011
6.491960814549037
4.68402236518887
5.846661458702175
6.711929891363048
5.1227361901680375
4.552982630020745
5.351210314651645
4.939298931765208
6.533296351038121
7.0531704336477326
5.800340818847144
5.833665069801802
6.256315086846314
5.163449772114724
6.388315695072109
6.130660194954742
4.931761292902135
4.799986973286204
4.72223763916446
4.1938254336566425
4.796437680960095
7.2220792336416295
5.975227758245933
5.550763127207354
5.067000483455544
6.330308255168081
4.448225317050521
4.443912793385141
5.243566553204569
6.028965540235157
6.798597608102314
7.234883114115229
6.72336259315789
6.5004615526594804
5.782899039369605
6.203739088571156
5.158394792548943
5.855252978628787
5.893109069644355
6.062488071768554
6.230982090233227
5.476012049801854
6.006066531976678
6.3787476332178965
4.766781962443823
6.757448676920945
6.395498556083075
6.112081364916212
7.471818576058119
5.230781426654934
6.272170542819811
6.306467208777414
6.326906019308325
4.968980298934079
5.937251780427474
5.411938418920373
6.301223716423005
5.251430116335501
6.1225790679261145
5.719843341841003
5.177782361274687
6.1237513884297865
6.002490586790495
6.635896047165804
5.891740783303414
6.609341633366368
7.596844502514214
6.083067945028087
7.309558955560636
6.8666921775852146
6.376160040687608
7.048891311511686
7.989003129140001
5.472121503431488
6.9077857219827905
7.499505072384313
6.497470070055577
6.636382311262093
5.8810149513290515
6.845051098045629
6.131594356662816
6.247606052971938
6.885804854389438
6.642990062486268
6.134970044819255
6.669196888705409
6.0314244751323685
7.178800871322901
7.388000370888095
6.631061255205673
6.429004697512696
6.776912029814797
6.363683055735479
5.373839980553653
6.777542319319284
6.9110618815981475
7.137774788640964
6.072403833415232
7.111022500750725
6.147663207582777
6.786779548731264
7.873380207446441
6.429121488778518
7.323821760646435
7.167661587480968
6.552793330365568
5.9362943688240435
7.461592887546639
5.7193514988244285
6.746336510801229
7.606016964099642
7.767629721307824
6.335098826006043
8.155469209689535
7.383264961325968
6.846097528558066
6.0263270301831895
8.00949007671682
6.75056794815109
7.881972903156926
7.998056946559653
6.629656474615354
7.349601217749484
6.972559005748356
6.583216328038501
6.060843879552992
6.9255192400049115
7.114672710882531
6.934877054047437
6.632119101570225
6.210895940629603
7.311570012687334
6.8428011337402985
6.765615998132012
6.630437893677028
6.537366015707701
7.567749996720822
6.604022317648228
6.752264735746335
8.361632166645396
5.846613423562944
5.642322941467725
6.9027425050482085
7.721733559099181
7.447786294447656
7.602590261397969
6.628639569507891
7.887296817555173
6.60961699366922
7.620765845916726
7.039600691689547
7.908419810771441
7.573726429961589
7.460673536536978
7.844232730763915
7.006160246847431
6.894286771793106
6.852731969776022
7.676434868752208
7.214993225011049
7.657493896983569
7.874492787683023
7.995306446592446
7.83103935973897
8.269834028554719
7.539319903472131
7.684569818123045
6.734988180965974
6.68738884041407
6.738546057877971
8.355388003277527
8.174791129076244
7.490043792840336
7.97752231138745
6.959571575038832
6.572830463172037
7.90236979287663
7.074557312793982
7.532490286345611
7.141596377456702
8.27343713441704
8.328637686971684
8.525602332991339
8.07502724984742
8.397273085498366
6.954744129452912
7.958438206391788
7.8898296609610945
7.885319953329091
8.164307902235297
8.283082579137806
7.256432389542923
6.962156637849207
7.737045245680632
7.464947252970893
7.407236917403969
7.446845978189144
7.657441432824334
8.24228547647349
8.640527322549245
7.741560776575124
7.626188891061659
8.209961854552773
8.348586857677896
7.874903556039634
7.3243914178468685
8.70604247058001
9.016099269736909
8.853308858296897
7.029669517344777
8.323319714389239
8.22039563585931
8.09614162079464
8.771186362650493
7.615204182023071
7.051273661865561
8.48408686443046
7.613993975366324
8.302294975712947
8.144988193819593
7.983566466217194
8.859752904945015
8.254221477950392
10.474477053393372
7.822849696459524
10.755821043686867
9.903761887828061
