4.300820805440014
3.9030554818697007
3.3081791111834082
5.1641744016119056
3.3436838504086284
5.244801317082047
3.4545267152150787
3.827863751315222
3.475846055625989
3.783464917047803
3.736191898208306
4.603402734812203
5.99021371241909
3.629900735960451
4.769208106446619
4.048603324051365
3.652543978091742
5.397680223644565
4.2096780387192165
4.434145403441157
6.169440807784939
3.9498914039724404
6.4986135343975056
5.231667996261354
4.74458236811489
4.096702784828749
3.562781923921319
4.035169491523896
5.183763118919879
3.896659079801271
4.405448972825497
5.35730072426317
6.022454027617224
4.7549160908477575
5.131286444002068
4.181046985127204
4.750419923450773
3.9520889587863985
4.701175144888575
4.415019674778614
4.552369972194411
4.18973649696345
4.062576715979223
3.567121976356431
5.22085969105777
5.997510821672993
4.92631660923998
4.563950482328488
4.945775797430318
5.266094717119446
6.351062567611952
5.949331737269714
7.053539158025899
5.680301681806417
5.366930097089978
4.891945973788903
5.653382632535683
5.894662999746835
6.099841910376398
5.030573300015067
5.932631583089196
5.070377314012886
6.892145096014445
6.456927194767203
4.5452139160498986
5.846664397613104
6.707719039873288
5.083120846144186
4.543146481169487
5.380902184658769
4.862006873430541
6.53322655334277
6.965428194449524
5.791820894330867
5.843117095447548
6.43532706268495
5.216334757271671
6.338405134413329
6.146340838883842
4.912348172218873
4.86616045291704
4.7175860025400205
4.265491169773352
4.733666069738611
7.195660814554008
6.050664896344593
5.496252007567241
4.97547409187224
6.337586408777105
4.423436798798594
4.477014914344501
5.248786168676967
6.091716241854268
6.701331943253219
7.144611305657623
6.736318323155055
6.536012175441013
5.860538810220639
6.187915672125946
5.1513010329696085
5.8173172549027345
5.868842162007243
6.079634090007956
6.171195068639806
5.491528078465169
6.095772869678079
6.353528899497116
4.773928900520229
6.798460604548188
6.36959169162817
5.950888590716724
7.417961888860338
5.261846909076715
6.271018779844633
6.333040489907427
6.399578060862211
5.040263710911104
5.930376601034869
5.41873432854409
6.329113929995256
5.252279654322811
6.02865702033292
5.6945677767988805
5.119000136891378
6.142190840244921
5.932876442901144
6.6581603373069544
5.907623736678506
6.611038204326688
7.707806378177953
6.198528348074099
7.257133349210637
6.920955224591252
6.424218876819966
7.049271546085928
7.9844087615852235
5.461497220491563
6.95966191041577
7.502325224198543
6.460726518585748
6.626748942862803
5.946675679019096
6.834448038224448
6.217023120733559
6.172639559790998
6.888886720655641
6.643105619947978
6.127615967873648
6.646422838545854
6.085535386579708
7.2044538152770174
7.427365271306441
6.593154245860324
6.547793456405042
6.7500799633105295
6.33781504252141
5.3521968181253055
6.76632097549112
6.947151174300537
7.163745413918351
6.011224931720242
7.1218610137757885
6.176580727719693
6.773847195842743
7.9053548614717135
6.435242626634297
7.307347438998423
7.211877019217208
6.567571308710673
6.01619688741426
7.459739720499323
5.702897801584528
6.740325265078843
7.610835917152622
7.792789443026631
6.338353795862446
8.104663964859935
7.419372981350469
6.778451959810171
5.950440790219582
8.02888579127655
6.671128767980322
7.86353514742407
7.942651473458952
6.6666378737679715
7.41367571629943
6.979416708915041
6.553617501698957
6.065055913435936
6.962726172574138
7.108877964695125
6.936296732328198
6.643192310811061
6.263589840254606
7.297976113748085
6.876255593988364
6.742953176199546
6.682554879801614
6.43929783703811
7.5106861810603585
6.651606158366977
6.726412232607471
8.340988304314354
5.825334175166037
5.661835465236791
6.856508039190374
7.794830931593433
7.508201107004324
7.626297153427105
6.578234758918253
7.864674083077762
6.635272790011311
7.6090437528213775
6.979001517571094
8.000808946248753
7.544023995540666
7.402017999008011
7.892456672400597
7.061638473047511
6.853394823160719
6.845007030952444
7.680134689189194
7.182905673900457
7.710680478731511
7.872566964822596
7.964336598727109
7.809912531270793
8.27542897296247
7.56843809442604
7.635804106932422
6.652617459804727
6.672803062268041
6.461822454800341
8.325904346609947
8.123677818149808
7.528410754088861
8.005500418988317
6.902618581818926
6.6153946641858425
7.889196877225858
7.077863436228063
7.524599693955301
7.124408330041976
8.284376464737015
8.33187056646101
8.558552202282527
8.03204259783855
8.34284623317905
7.052149329367486
8.003687527625667
7.917046081892375
7.910392628494069
8.220057583111313
8.281870431657243
7.194546602215761
7.0169218405551375
7.600110812843175
7.495049125366327
7.362674303664117
7.4525259674660465
7.6626747262629715
8.178601492872295
8.639125303753168
7.709821823323875
7.604968013637308
8.1346880961656
8.347686046454164
7.837502792104713
7.347556800007943
8.784095996882478
8.992561168468946
8.88517931187183
7.075506810721178
8.347931474420154
8.200205960434161
8.091650693190132
8.738924619988468
7.6298301334557985
7.103508030547585
8.421381839344402
7.60954523676496
8.2980310353396
7.970408742846455
8.014802371548008
8.83744197119149
8.237638454465014
10.40569203935231
7.867393000121677
10.649562943653846
9.894078778571807
